# MonteCarloResult saved 2026-02-10T12:41:07.075568
# n_shots = 500
# mean_fidelity = 9.974220106749e-01
# std_fidelity = 3.597876617158e-03
# mean_infidelity = 2.577989325115e-03
# std_infidelity = 3.597876617158e-03
# mean_branch_XYZ = 6.422910982353e-08
# std_branch_XYZ = 8.972678100253e-08
# mean_branch_AL = 1.351748845855e-03
# std_branch_AL = 1.888171186090e-03
# mean_branch_LG = 7.535806380641e-08
# std_branch_LG = 1.052738958313e-07
# mean_branch_phase = 1.226100892086e-03
# std_branch_phase = 1.709592449737e-03
# columns: shot fidelity infidelity detuning_sample branch_XYZ branch_AL branch_LG branch_phase
0	9.997378076982e-01	2.621923018118e-04	2.488972041868e+05	6.553058280646e-09	1.373033267891e-04	7.689194506263e-09	1.248747327699e-04
1	9.969963294040e-01	3.003670595970e-03	-8.494736712840e+05	7.456984843974e-08	1.571458975923e-03	8.748824291815e-08	1.432049561956e-03
2	9.984052674102e-01	1.594732589772e-03	6.129791105420e+05	3.985705020043e-08	8.372974670564e-04	4.676477025169e-08	7.573485008951e-04
3	9.974916372885e-01	2.508362711532e-03	7.682665128425e+05	6.271160306079e-08	1.317887404859e-03	7.357975754493e-08	1.190339015313e-03
4	9.895577855815e-01	1.044221441853e-02	-1.593633032048e+06	2.585142526262e-07	5.444667211331e-03	3.033026661078e-07	4.996985390278e-03
5	9.953063216533e-01	4.693678346653e-03	-1.063638568828e+06	1.164401810148e-07	2.453195249055e-03	1.366128634401e-07	2.240230044553e-03
6	9.999538226600e-01	4.617733999068e-05	1.044218425698e+05	1.156831608921e-09	2.409062644787e-05	1.357567598301e-09	2.208419914361e-05
7	9.997202179595e-01	2.797820404783e-04	-2.583114052633e+05	6.952051104645e-09	1.469383739845e-04	8.155929437601e-09	1.328285585132e-04
8	9.999992294426e-01	7.705574458505e-07	-1.372342217669e+04	1.849795087781e-11	4.219044110566e-07	2.167091052606e-11	3.486128659326e-07
9	9.979746661075e-01	2.025333892465e-03	-6.967782993742e+05	5.030497662757e-08	1.060406032838e-03	5.901941447188e-08	9.648185352363e-04
10	9.978081928204e-01	2.191807179639e-03	7.183046565268e+05	5.479134341425e-08	1.151329631717e-03	6.428701701789e-08	1.040358469562e-03
11	9.982866241311e-01	1.713375868851e-03	6.353114118949e+05	4.282410120092e-08	8.996840737985e-04	5.024598218155e-08	8.135987249695e-04
12	9.999876431133e-01	1.235688674561e-05	5.393480413613e+04	3.109284585964e-10	6.411351802227e-06	3.649563946034e-10	5.944859058533e-06
13	9.963926814593e-01	3.607318540679e-03	9.207465006050e+05	9.021905605768e-08	1.896399292064e-03	1.058538481428e-07	1.710723175710e-03
14	9.993822894540e-01	6.177105460177e-04	3.818682179269e+05	1.543452139111e-08	3.238905007253e-04	1.810991379059e-08	2.937865008572e-04
15	9.979450328788e-01	2.054967121214e-03	-7.018821910566e+05	5.104026105874e-08	1.075893282564e-03	5.988208766011e-08	9.789629163014e-04
16	9.996159226818e-01	3.840773182278e-04	3.012008361126e+05	9.597650655007e-09	2.012497214272e-04	1.126146687524e-08	1.828067376831e-04
17	9.974440576448e-01	2.555942355172e-03	-7.832288189491e+05	6.346782356130e-08	1.337642817871e-03	7.446275124016e-08	1.218161606726e-03
18	9.978129284782e-01	2.187071521799e-03	7.175305834140e+05	5.467286888321e-08	1.148838253950e-03	6.414801227080e-08	1.038114446968e-03
19	9.999930655714e-01	6.934428644967e-06	-4.078018754633e+04	1.706298880025e-10	3.689508919812e-06	2.000885369118e-10	3.244549006730e-06
20	9.999043703081e-01	9.562969191168e-05	-1.509981832421e+05	2.373803775407e-09	5.032492547412e-05	2.784703935836e-09	4.529960792985e-05
21	9.987070532847e-01	1.292946715346e-03	-5.561928461210e+05	3.212549050085e-08	6.774588676293e-04	3.769035387345e-08	6.154180318722e-04
22	9.957543789588e-01	4.245621041203e-03	9.985889909549e+05	1.062033830391e-07	2.232591207437e-03	1.246079828732e-07	2.012799022401e-03
23	9.999331923744e-01	6.680762564326e-05	-1.262218582639e+05	1.657403205690e-09	3.518753299328e-05	1.944240655953e-09	3.161649100612e-05
24	9.994871592174e-01	5.128407826045e-04	-3.498642002533e+05	1.274540962640e-08	2.690866442409e-04	1.495285175505e-08	2.437264401022e-04
25	9.996531864939e-01	3.468135060549e-04	-2.876276455770e+05	8.618464945850e-09	1.820805798207e-04	1.011100226986e-08	1.647141967670e-04
26	9.991988455353e-01	8.011544646590e-04	4.347976429609e+05	2.001842657359e-08	4.202298501362e-04	2.348821806157e-08	3.808811078782e-04
27	9.996227865985e-01	3.772134014873e-04	2.984998608551e+05	9.426188000134e-09	1.976478526261e-04	1.106028747343e-08	1.795450623857e-04
28	9.995187214567e-01	4.812785432804e-04	3.371258125266e+05	1.202587784232e-08	2.522644415841e-04	1.411053159267e-08	2.289879652868e-04
29	9.994755556957e-01	5.244443043452e-04	3.519006654961e+05	1.310429127208e-08	2.749237213775e-04	1.537584229798e-08	2.494921028341e-04
30	9.869090931173e-01	1.309090688268e-02	1.749327936063e+06	3.280796004845e-07	6.899945302837e-03	3.849307365119e-07	6.190248569504e-03
31	9.995382078279e-01	4.617921721349e-04	-3.319655117434e+05	1.147657864141e-08	2.423395799324e-04	1.346421956649e-08	2.194276514043e-04
32	9.992670743393e-01	7.329256607432e-04	-4.184070785715e+05	1.821478440736e-08	3.843607415472e-04	2.136971700301e-08	3.485253346946e-04
33	9.981560333231e-01	1.843966676874e-03	-6.647010304364e+05	4.580428558318e-08	9.656062990068e-04	5.373897654392e-08	8.782608346048e-04
34	9.989265829415e-01	1.073417058461e-03	5.031406714687e+05	2.682318616869e-08	5.632691627212e-04	3.147222755381e-08	5.100896003256e-04
35	9.963815530967e-01	3.618446903336e-03	9.221604758388e+05	9.049768844771e-08	1.902259532958e-03	1.061807630559e-07	1.715990691927e-03
36	9.999637007419e-01	3.629925813153e-05	-9.307388892459e+04	8.993415860138e-10	1.915298925773e-05	1.054920652202e-09	1.714431461157e-05
37	9.980351118191e-01	1.964888180877e-03	-6.862516481318e+05	4.880508275551e-08	1.028813590406e-03	5.725966282328e-08	9.359685257251e-04
38	9.981074123338e-01	1.892587666240e-03	-6.734478738620e+05	4.701091027696e-08	9.910222267999e-04	5.515464915011e-08	9.014632738807e-04
39	9.988022702686e-01	1.197729731437e-03	5.314133559042e+05	2.993072662549e-08	6.285981730375e-04	3.511829060693e-08	5.690665093819e-04
40	9.984357871402e-01	1.564212859787e-03	6.071004794407e+05	3.909385050810e-08	8.212503895244e-04	4.586931530703e-08	7.428775070971e-04
41	9.991658073804e-01	8.341926195926e-04	4.436560593591e+05	2.084407062474e-08	4.375839278416e-04	2.445694596041e-08	3.965633907344e-04
42	9.987647481780e-01	1.235251821963e-03	-5.435977059008e+05	3.069278231118e-08	6.472755799010e-04	3.600943480153e-08	5.879095398447e-04
43	9.998478264910e-01	1.521735090237e-04	1.896326398185e+05	3.804991939378e-09	7.961418111759e-05	4.464808235952e-09	7.255105810598e-05
44	9.999615192104e-01	3.848078958246e-05	9.531061300142e+04	9.644382616340e-10	2.006385287563e-05	1.131813279179e-09	1.841484045529e-05
45	9.998649748596e-01	1.350251403888e-04	1.786279271160e+05	3.376641613187e-09	7.062627150080e-05	3.962207483131e-09	6.439153003887e-05
46	9.978478555877e-01	2.152144412322e-03	7.117953042015e+05	5.379908983663e-08	1.130463785710e-03	6.312281782249e-08	1.021563704704e-03
47	9.998588480817e-01	1.411519183149e-04	1.826359946855e+05	3.529684172687e-09	7.383731901702e-05	4.141778713736e-09	6.730692783497e-05
48	9.986954672273e-01	1.304532772674e-03	5.545461641640e+05	3.260082680511e-08	6.847337513808e-04	3.825110331741e-08	6.197281693628e-04
49	9.999870588417e-01	1.294115827066e-05	5.519953614311e+04	3.255610073473e-10	6.716217013805e-06	3.821277930272e-10	6.224233568058e-06
50	9.997639752534e-01	2.360247466041e-04	2.361567985230e+05	5.899441201467e-09	1.235788948860e-04	6.922290260894e-09	1.124330299866e-04
51	9.988724456288e-01	1.127554371225e-03	5.156451176739e+05	2.817645767710e-08	5.917181778986e-04	3.306001532406e-08	5.357749568533e-04
52	9.941346108349e-01	5.865389165146e-03	-1.190225404886e+06	1.454396832355e-07	3.063839642459e-03	1.706367639860e-07	2.801233446240e-03
53	9.997141240911e-01	2.858759089281e-04	-2.611119536668e+05	7.103549878237e-09	1.501335879139e-04	8.333670710548e-09	1.357268837936e-04
54	9.993817592687e-01	6.182407313463e-04	-3.842070115457e+05	1.536491103793e-08	3.242996515618e-04	1.802613991950e-08	2.939076887335e-04
55	9.988613176933e-01	1.138682306737e-03	-5.218444281915e+05	2.829451557552e-08	5.967489767950e-04	3.319567992949e-08	5.418718397469e-04
56	9.997881727508e-01	2.118272491667e-04	-2.247400675379e+05	5.262595094430e-09	1.113009019771e-04	6.173833642492e-09	1.005149107608e-04
57	9.936413205218e-01	6.358679478177e-03	1.221089126640e+06	1.591501471409e-07	3.346279685439e-03	1.867294412317e-07	3.012053913149e-03
58	9.979137960091e-01	2.086203990868e-03	-7.072230548010e+05	5.181531391768e-08	1.092218082562e-03	6.079141929934e-08	9.938733015726e-04
59	9.973411434771e-01	2.658856522860e-03	7.909034030078e+05	6.647752478467e-08	1.397084826621e-03	7.799826233419e-08	1.261627220451e-03
60	9.922009667579e-01	7.799033242082e-03	-1.374591740979e+06	1.932489783148e-07	4.070510766402e-03	2.267294734822e-07	3.728102497228e-03
61	9.996862947745e-01	3.137052255036e-04	-2.735388110001e+05	7.795400435788e-09	1.647243137405e-04	9.145364078268e-09	1.489639709985e-04
62	9.999251946735e-01	7.480532653770e-05	1.329389967576e+05	1.872238440210e-09	3.907707332793e-05	2.197011144180e-09	3.572418396018e-05
63	9.990279875690e-01	9.720124310078e-04	4.788346600878e+05	2.428854630542e-08	5.099870624303e-04	2.849834319640e-08	4.619725816879e-04
64	9.985680101111e-01	1.431989888884e-03	5.809398915099e+05	3.578758926086e-08	7.517344085173e-04	4.199010787685e-08	6.801777026699e-04
65	9.982172130828e-01	1.782786917243e-03	6.480171999210e+05	4.456006478449e-08	9.361861116613e-04	5.228277077136e-08	8.465039627462e-04
66	9.996598601535e-01	3.401398464526e-04	-2.848435525255e+05	8.452561414700e-09	1.785822465793e-04	9.916360279618e-09	1.615392309516e-04
67	9.994026220133e-01	5.973779867151e-04	-3.776554587544e+05	1.484643694263e-08	3.133720159433e-04	1.741784779543e-08	2.839737064870e-04
68	9.979139846121e-01	2.086015387939e-03	7.008067886338e+05	5.214478130761e-08	1.095676073738e-03	6.118183700240e-08	9.902259875830e-04
69	9.998975868981e-01	1.024131019433e-04	-1.562600680285e+05	2.542429077612e-09	5.388655630654e-05	2.982532497652e-09	4.852102067514e-05
70	9.954938266294e-01	4.506173370605e-03	-1.041998563238e+06	1.117973082169e-07	2.355426954385e-03	1.311655791489e-07	2.150503453333e-03
71	9.964372775036e-01	3.562722496448e-03	-9.256849643394e+05	8.842651182173e-08	1.863274853056e-03	1.037456424896e-07	1.699255471238e-03
72	9.976488539456e-01	2.351146054429e-03	-7.510215822275e+05	5.838817983898e-08	1.230657699474e-03	6.850304577378e-08	1.120361463729e-03
73	9.993013156314e-01	6.986843685999e-04	4.060879007049e+05	1.745779953891e-08	3.664114168261e-04	2.048383197501e-08	3.322350101422e-04
74	9.999426997021e-01	5.730029786433e-05	1.163353479916e+05	1.434823952081e-09	2.991202467578e-05	1.683760335229e-09	2.738515460426e-05
75	9.986505088678e-01	1.349491132154e-03	5.639981660952e+05	3.372486635998e-08	7.083659838635e-04	3.956993102148e-08	6.410518534935e-04
76	9.994897260862e-01	5.102739137577e-04	-3.489859814890e+05	1.268161114564e-08	2.677418182026e-04	1.487800132528e-08	2.425045359426e-04
77	9.999290147433e-01	7.098525670213e-05	1.294974534851e+05	1.776789402515e-09	3.707670888380e-05	2.085014218749e-09	3.390468601471e-05
78	9.988927514808e-01	1.107248519231e-03	5.109910483195e+05	2.766886441690e-08	5.810472629671e-04	3.246445836969e-08	5.261411229416e-04
79	9.997322765324e-01	2.677234675683e-04	-2.526786123156e+05	6.652262453139e-09	1.406154049499e-04	7.804211873813e-09	1.270936061441e-04
80	9.994103692326e-01	5.896307673534e-04	3.731004499695e+05	1.473293411977e-08	3.091469349096e-04	1.728673837610e-08	2.804518127713e-04
81	9.987779701861e-01	1.222029813896e-03	-5.406704351556e+05	3.036443400229e-08	6.403580721201e-04	3.562420159025e-08	5.816057531402e-04
82	9.996313701710e-01	3.686298289638e-04	-2.965474972788e+05	9.160798473491e-09	1.935160886417e-04	1.074728142266e-08	1.750938322422e-04
83	9.995925070817e-01	4.074929182710e-04	-3.118088904793e+05	1.012686678769e-08	2.138848400542e-04	1.188069848589e-08	1.935860706516e-04
84	9.960362354622e-01	3.963764537843e-03	-9.767786718180e+05	9.836298813191e-08	2.072525055633e-03	1.154036725086e-07	1.891025715550e-03
85	9.993297027368e-01	6.702972632062e-04	3.977659837155e+05	1.674847809100e-08	3.515040148285e-04	1.965158349895e-08	3.187568483162e-04
86	9.993843020482e-01	6.156979518248e-04	-3.834144453253e+05	1.530171938859e-08	3.229678059656e-04	1.795200122556e-08	2.926968921386e-04
87	9.999995431347e-01	4.568652932635e-07	1.020537221808e+04	1.196613408613e-11	2.261358821251e-07	1.407295247972e-11	2.307033720518e-07
88	9.993467585846e-01	6.532414153950e-04	3.926806446827e+05	1.632230525085e-08	3.425475900764e-04	1.915155370091e-08	3.106583514597e-04
89	9.994365557994e-01	5.634442005664e-04	3.647329561758e+05	1.407866684242e-08	2.953982404931e-04	1.651908319572e-08	2.680153623233e-04
90	9.987470572764e-01	1.252942723590e-03	5.434959322408e+05	3.131103420899e-08	6.576171511774e-04	3.673779788306e-08	5.952575235807e-04
91	9.999728977469e-01	2.710225310998e-05	-8.044433140121e+04	6.709297989587e-10	1.431518462843e-05	7.869666036017e-10	1.278561058514e-05
92	9.994991115152e-01	5.008884847528e-04	-3.457560255227e+05	1.244833814649e-08	2.628245517085e-04	1.460431797751e-08	2.380368803882e-04
93	9.999822603183e-01	1.773968169050e-05	-6.511495789262e+04	4.385213650970e-10	9.386693707270e-06	5.143308144696e-10	8.352035131049e-06
94	9.921600216806e-01	7.839978319429e-03	-1.378238540087e+06	1.942607374015e-07	4.091813802297e-03	2.279165301416e-07	3.747742339865e-03
95	9.942144079493e-01	5.785592050686e-03	-1.182021857193e+06	1.434654506830e-07	3.022269002001e-03	1.683204785149e-07	2.763011262756e-03
96	9.951585168695e-01	4.841483130480e-03	-1.080399680120e+06	1.200995897363e-07	2.530253382172e-03	1.409062921586e-07	2.310968742426e-03
97	9.972367034306e-01	2.763296569421e-03	-8.145652599262e+05	6.860997926564e-08	1.445941603336e-03	8.049580254079e-08	1.317205860303e-03
98	9.995485017841e-01	4.514982159086e-04	3.265412211799e+05	1.128189934814e-08	2.366331471446e-04	1.323761488985e-08	2.148405492498e-04
99	9.977194024392e-01	2.280597560784e-03	-7.396080505576e+05	5.663812082036e-08	1.193798023067e-03	6.644978527946e-08	1.086676449811e-03
100	9.996000938513e-01	3.999061487082e-04	-3.088885024246e+05	9.938276259204e-09	2.099087082563e-04	1.165943889242e-08	1.899758427368e-04
101	9.952027666850e-01	4.797233314961e-03	1.061227979672e+06	1.200206233481e-07	2.523214519065e-03	1.408195042588e-07	2.273757955767e-03
102	9.996450127610e-01	3.549872389863e-04	-2.910014312986e+05	8.821657812320e-09	1.863651311544e-04	1.034939309330e-08	1.686029367810e-04
103	9.984599099182e-01	1.540090081849e-03	6.024131078691e+05	3.849063047983e-08	8.085671499311e-04	4.516156286025e-08	7.314392797241e-04
104	9.975762522358e-01	2.423747764178e-03	-7.625920756429e+05	6.018905524434e-08	1.268587260640e-03	7.061592719444e-08	1.155029698556e-03
105	9.998818920231e-01	1.181079769403e-04	-1.678042918678e+05	2.932595558204e-09	6.212595243193e-05	3.440271418915e-09	5.597565164143e-05
106	9.974908134501e-01	2.509186549891e-03	-7.759914001984e+05	6.230820245609e-08	1.313219677878e-03	7.310222238475e-08	1.195831461588e-03
107	9.996784837404e-01	3.215162595980e-04	-2.769269933490e+05	7.989583442030e-09	1.688192782826e-04	9.373183865953e-09	1.526796185480e-04
108	9.979992562178e-01	2.000743782151e-03	6.863755265608e+05	5.001170373253e-08	1.050821154705e-03	5.867912117705e-08	9.498139366215e-04
109	9.917886718772e-01	8.211328122842e-03	-1.410899659493e+06	2.034357423157e-07	4.284996750609e-03	2.386811992212e-07	3.925889255292e-03
110	9.994667363000e-01	5.332636999957e-04	3.548433530484e+05	1.332463233301e-08	2.795536418854e-04	1.563436994147e-08	2.536810991081e-04
111	9.998404310671e-01	1.595689328813e-04	1.941857896638e+05	3.989719677244e-09	8.349072037280e-05	4.681556229508e-09	7.606954123256e-05
112	9.990147274092e-01	9.852725907757e-04	-4.853100553464e+05	2.448410477080e-08	5.164666463544e-04	2.872513924212e-08	4.687527351773e-04
113	9.942227561877e-01	5.777243812333e-03	-1.181160430323e+06	1.432589038092e-07	3.017919820028e-03	1.680781456146e-07	2.759012655255e-03
114	9.999852635845e-01	1.473641547323e-05	5.891639820064e+04	3.705130955563e-10	7.653192082495e-06	4.348789210154e-10	7.082417998715e-06
115	9.992170068727e-01	7.829931273102e-04	-4.324971052803e+05	1.945881458870e-08	4.105766614066e-04	2.282926164466e-08	3.723741778274e-04
116	9.998471507566e-01	1.528492433793e-04	1.900532078268e+05	3.821870935968e-09	7.996837844308e-05	4.484613009434e-09	7.287255845230e-05
117	9.999986263492e-01	1.373650763248e-06	1.784914035882e+04	3.522509269562e-11	6.970047569995e-07	4.138295302400e-11	6.765693982026e-07
118	9.926956885145e-01	7.304311485542e-03	1.308355567389e+06	1.828585020850e-07	3.844990915701e-03	2.145459812396e-07	3.458923165358e-03
119	9.998396749657e-01	1.603250343180e-04	-1.955090490248e+05	3.982154291965e-09	8.428202375636e-05	4.671611071823e-09	7.603435679623e-05
120	9.970902282288e-01	2.909771771241e-03	-8.360071729850e+05	7.224185076735e-08	1.522430746793e-03	8.475690983982e-08	1.387184025687e-03
121	9.999092467830e-01	9.075321695740e-05	1.464348646141e+05	2.270686463632e-09	4.742962902670e-05	2.664535247295e-09	4.331865270899e-05
122	9.998633549080e-01	1.366450919682e-04	1.796963912068e+05	3.417107021846e-09	7.147527122525e-05	4.009687261835e-09	6.516239394867e-05
123	9.947478683876e-01	5.252131612402e-03	1.110203562319e+06	1.314177704862e-07	2.762941127720e-03	1.541915707057e-07	2.488904875340e-03
124	9.980239979900e-01	1.976002010000e-03	6.821306323248e+05	4.939280915630e-08	1.037807010986e-03	5.795297899838e-08	9.380876532256e-04
125	9.996402929179e-01	3.597070820538e-04	2.914973094028e+05	8.988879418162e-09	1.884617072480e-04	1.054718721588e-08	1.712258387392e-04
126	9.939087119574e-01	6.091288042593e-03	1.195246419388e+06	1.524476978820e-07	3.205294485044e-03	1.788655877587e-07	2.885662244264e-03
127	9.960826597488e-01	3.917340251191e-03	-9.709984123631e+05	9.721290568833e-08	2.048306007752e-03	1.140543310608e-07	1.868822976202e-03
128	9.988582114866e-01	1.141788513410e-03	-5.225580660064e+05	2.837166106035e-08	5.983743085338e-04	3.328619045923e-08	5.433525470246e-04
129	9.976124794214e-01	2.387520578594e-03	-7.568402843333e+05	5.929045967827e-08	1.249661327797e-03	6.956164771678e-08	1.137730398689e-03
130	9.995751177213e-01	4.248822787021e-04	-3.184021396118e+05	1.055912194383e-08	2.229980141914e-04	1.238783238717e-08	2.018613175563e-04
131	9.947589415182e-01	5.241058481836e-03	-1.124496642740e+06	1.299905505903e-07	2.738529994862e-03	1.525109393802e-07	2.502245985484e-03
132	9.988585742916e-01	1.141425708351e-03	5.188002425925e+05	2.852321001619e-08	5.990078604806e-04	3.346685826159e-08	5.423558578021e-04
133	9.998618027278e-01	1.381972722263e-04	-1.815146300933e+05	3.432027491319e-09	7.267018600035e-05	4.026202256578e-09	6.551962799621e-05
134	9.940252981866e-01	5.974701813408e-03	-1.201375304912e+06	1.481439826450e-07	3.120782825372e-03	1.738096070027e-07	2.853597034447e-03
135	9.971348046762e-01	2.865195323781e-03	-8.295393029719e+05	7.113661973507e-08	1.499154125733e-03	8.346019308704e-08	1.365886601235e-03
136	9.997224415400e-01	2.775584599671e-04	2.560825279865e+05	6.936879710604e-09	1.453633987330e-04	8.139540377410e-09	1.321799848140e-04
137	9.980096612552e-01	1.990338744849e-03	6.845935898036e+05	4.975142920693e-08	1.045348082439e-03	5.837374394197e-08	9.448825372368e-04
138	9.886276624509e-01	1.137233754906e-02	1.630957926139e+06	2.849276229055e-07	5.992150981024e-03	3.343014945620e-07	5.379567338914e-03
139	9.757113852282e-01	2.428861477176e-02	2.380083918363e+06	6.095818986423e-07	1.282219544869e-02	7.152106326812e-07	1.146509453054e-02
140	9.995147981367e-01	4.852018632686e-04	3.384954641011e+05	1.212389262027e-08	2.543238320672e-04	1.422553315125e-08	2.308516817756e-04
141	9.972790083920e-01	2.720991607957e-03	-8.082686789682e+05	6.756093781059e-08	1.423847996349e-03	7.926501089246e-08	1.296996785659e-03
142	9.875641311723e-01	1.243586882775e-02	-1.741485442491e+06	3.076803455626e-07	6.479822967480e-03	3.609873692337e-07	5.955377192554e-03
143	9.997976459669e-01	2.023540330605e-04	2.186704944791e+05	5.058414357248e-09	1.059219462613e-04	5.935490754262e-09	9.642109289402e-05
144	9.981597830897e-01	1.840216910312e-03	-6.640217409353e+05	4.571122554165e-08	9.636461007614e-04	5.362979385540e-08	8.764714685312e-04
145	9.995176973611e-01	4.823026388887e-04	-3.392696624709e+05	1.198638286949e-08	2.530865681049e-04	1.406233751809e-08	2.291900220635e-04
146	9.989544952498e-01	1.045504750213e-03	-4.999692898752e+05	2.598023919810e-08	5.479897635809e-04	3.048046875860e-08	4.974585259238e-04
147	9.999445530156e-01	5.544698436599e-05	-1.149999797591e+05	1.375073306641e-09	2.921841671013e-05	1.613022249579e-09	2.622557956031e-05
148	9.967754018053e-01	3.224598194685e-03	8.707076720977e+05	8.063746746584e-08	1.694880975904e-03	9.461191425408e-08	1.529541969399e-03
149	9.999303426563e-01	6.965734368791e-05	1.282794826932e+05	1.743609128002e-09	3.638138910331e-05	2.046081459118e-09	3.327216489401e-05
150	9.999295926272e-01	7.040737279218e-05	-1.295751700475e+05	1.746869949723e-09	3.707857679522e-05	2.049200097400e-09	3.332499992691e-05
151	9.970211350470e-01	2.978864952965e-03	-8.459365776005e+05	7.395486941942e-08	1.558507405152e-03	8.676671613541e-08	1.420196826227e-03
152	9.922757767821e-01	7.724223217923e-03	-1.367904625406e+06	1.914003482419e-07	4.031586992042e-03	2.245605494690e-07	3.692220264984e-03
153	9.993392543955e-01	6.607456044667e-04	-3.972231521771e+05	1.642118667841e-08	3.465614834029e-04	1.926540072017e-08	3.141484344764e-04
154	9.999919474813e-01	8.052518685187e-06	-4.393034530096e+04	1.983181590773e-10	4.279895787245e-06	2.325657134350e-10	3.772192014069e-06
155	9.910941131070e-01	8.905886893017e-03	1.444070063427e+06	2.230289086686e-07	4.690011168043e-03	2.616770835370e-07	4.215391018982e-03
156	9.999520498319e-01	4.795016810366e-05	1.064100646984e+05	1.201142947244e-09	2.501832656797e-05	1.409562213354e-09	2.292923083053e-05
157	9.972608639658e-01	2.739136034187e-03	8.027154793378e+05	6.848655972015e-08	1.439335486131e-03	8.035543439195e-08	1.299651706062e-03
158	9.993035727596e-01	6.964272403654e-04	-4.078316799285e+05	1.730785724258e-08	3.652479929782e-04	2.030567557888e-08	3.311416338544e-04
159	9.961076036228e-01	3.892396377178e-03	-9.678787641881e+05	9.659494708515e-08	2.035292676918e-03	1.133293072885e-07	1.856893776005e-03
160	9.974109056415e-01	2.589094358518e-03	-7.883209698223e+05	6.429001900709e-08	1.354959240205e-03	7.542739456005e-08	1.233995400899e-03
161	9.985340556109e-01	1.465944389075e-03	-5.923748678997e+05	3.642091759139e-08	7.679481403129e-04	4.272995049855e-08	6.979170978935e-04
162	9.870703806249e-01	1.292961937507e-02	1.738564067450e+06	3.240290775360e-07	6.814733307278e-03	3.801783499868e-07	6.114181860361e-03
163	9.981215271151e-01	1.878472884861e-03	-6.709202128740e+05	4.666063037170e-08	9.836440779568e-04	5.474368316689e-08	8.947274025904e-04
164	9.980079335467e-01	1.992066453333e-03	6.848897958688e+05	4.979464645883e-08	1.046256857389e-03	5.842445026401e-08	9.457013768473e-04
165	9.977321718071e-01	2.267828192850e-03	-7.375236412452e+05	5.632134581410e-08	1.187126077616e-03	6.607812837387e-08	1.080579715760e-03
166	9.975395178341e-01	2.460482165917e-03	7.609219627173e+05	6.151352424635e-08	1.292692109947e-03	7.217406732307e-08	1.167656368379e-03
167	9.995813980040e-01	4.186019960005e-04	3.144333730487e+05	1.046010268876e-08	2.193678669313e-04	1.227339229351e-08	1.992113955743e-04
168	9.999313554060e-01	6.864459403222e-05	-1.279440418247e+05	1.703058137298e-09	3.615256039907e-05	1.997801490453e-09	3.248833277352e-05
169	9.999953872575e-01	4.612742512511e-06	-3.329540568870e+04	1.131849168484e-10	2.462318428744e-06	1.327106064563e-10	2.150178188244e-06
170	9.988040959039e-01	1.195904096056e-03	-5.348398155417e+05	2.971562801889e-08	6.266891750525e-04	3.486299296306e-08	5.691503423822e-04
171	9.994377150902e-01	5.622849097748e-04	3.643580592981e+05	1.404970253693e-08	2.947895985910e-04	1.648509921506e-08	2.674647763820e-04
172	9.994214735536e-01	5.785264464316e-04	-3.716369174293e+05	1.437793320934e-08	3.034973432820e-04	1.686818293944e-08	2.749978570335e-04
173	9.958380215515e-01	4.161978448493e-03	-1.001092056549e+06	1.032729495566e-07	2.175920817635e-03	1.211643165752e-07	1.985833193592e-03
174	9.954780391769e-01	4.521960823098e-03	-1.043837416760e+06	1.121882505183e-07	2.363659343417e-03	1.316242550005e-07	2.158057667175e-03
175	9.999158876787e-01	8.411232127670e-05	1.409722429477e+05	2.104772954698e-09	4.395124781171e-05	2.469858933073e-09	4.015649883310e-05
176	9.929020102604e-01	7.097989739622e-03	1.289823987527e+06	1.776850641616e-07	3.736165254863e-03	2.084760911340e-07	3.361438323604e-03
177	9.999277096748e-01	7.229032520695e-05	1.306834042380e+05	1.809398467044e-09	3.776008553095e-05	2.123276706759e-09	3.452630700082e-05
178	9.999606456943e-01	3.935430574908e-05	-9.690545637266e+04	9.752312716197e-10	2.075945935499e-05	1.143949231565e-09	1.859272721359e-05
179	9.997693239276e-01	2.306760724298e-04	2.334668180986e+05	5.765841855694e-09	1.207738286876e-04	6.765534781285e-09	1.098897123655e-04
180	9.951524163255e-01	4.847583674540e-03	1.066760624104e+06	1.212820075219e-07	2.549746115442e-03	1.422994636398e-07	2.297573977627e-03
181	9.998641167248e-01	1.358832751913e-04	1.791947181988e+05	3.398077319357e-09	7.107600939087e-05	3.987358907836e-09	6.479988036422e-05
182	9.995279137797e-01	4.720862203338e-04	-3.356511520823e+05	1.173244710925e-08	2.477334928911e-04	1.376441224431e-08	2.243272305834e-04
183	9.965260083849e-01	3.473991615117e-03	9.036322059111e+05	8.688093362188e-08	1.826191779628e-03	1.019372782521e-07	1.647611017277e-03
184	9.994805765626e-01	5.194234373977e-04	3.502143000851e+05	1.297885228214e-08	2.722879597961e-04	1.522866386078e-08	2.471072700855e-04
185	9.932878427603e-01	6.712157239706e-03	1.254427132962e+06	1.680114334262e-07	3.532677540407e-03	1.971262138136e-07	3.179114561652e-03
186	9.999051966218e-01	9.480337817036e-05	1.496684700839e+05	2.371871087811e-09	4.955120536223e-05	2.783260993989e-09	4.524701767605e-05
187	9.958456783074e-01	4.154321692553e-03	-1.000163557796e+06	1.030832973972e-07	2.171927075245e-03	1.209418059231e-07	1.982170592205e-03
188	9.948230841492e-01	5.176915850780e-03	-1.117531711216e+06	1.284029672724e-07	2.705100076431e-03	1.506482945114e-07	2.471536723087e-03
189	9.922385327693e-01	7.761467230710e-03	1.348501196511e+06	1.943227525222e-07	4.086148671742e-03	2.279967517040e-07	3.674896239464e-03
190	9.915363680584e-01	8.463631941563e-03	1.407914447071e+06	2.119343925792e-07	4.456625389987e-03	2.486601224280e-07	4.006545957062e-03
191	9.999098206688e-01	9.017933123934e-05	-1.466338228230e+05	2.238319843966e-09	4.746295947817e-05	2.625756688772e-09	4.271150768463e-05
192	9.995894112184e-01	4.105887816018e-04	-3.129928029877e+05	1.020382269732e-08	2.155073148668e-04	1.197098529473e-08	1.950592919270e-04
193	9.939242402372e-01	6.075759762832e-03	1.193728289556e+06	1.520584853886e-07	3.197107485962e-03	1.784089322566e-07	2.878321809453e-03
194	9.965992545438e-01	3.400745456247e-03	-9.042505112930e+05	8.441238748195e-08	1.778740439280e-03	9.903604929976e-08	1.621821568530e-03
195	9.977729649202e-01	2.227035079828e-03	-7.308256357272e+05	5.530934931604e-08	1.165811218447e-03	6.489080158227e-08	1.061103661230e-03
196	9.988289331564e-01	1.171066843641e-03	5.254783903337e+05	2.926418577832e-08	6.145853508769e-04	3.433624159219e-08	5.564178923372e-04
197	9.995646158761e-01	4.353841239260e-04	-3.223190243116e+05	1.082016682474e-08	2.285014288406e-04	1.269409776049e-08	2.068591808208e-04
198	9.999999328052e-01	6.719479461736e-08	-4.183612903715e+03	1.482558170397e-12	4.056457560676e-08	1.733424611521e-12	2.662700302783e-08
199	9.999252568343e-01	7.474316570244e-05	-1.335024624144e+05	1.854633971471e-09	3.935609456334e-05	2.175625613889e-09	3.538304087951e-05
200	9.996781708579e-01	3.218291421185e-04	2.757356478619e+05	8.042707542121e-09	1.685878101584e-04	9.437028895699e-09	1.532238522237e-04
201	9.943663976007e-01	5.633602399305e-03	1.149651015647e+06	1.409768796521e-07	2.964010187206e-03	1.654070955834e-07	2.669285828123e-03
202	9.999767863041e-01	2.321369593827e-05	7.399102829265e+04	5.826565419969e-10	1.208108790981e-05	6.838217949917e-10	1.113134155013e-05
203	9.988266990289e-01	1.173300971066e-03	5.259782794032e+05	2.932003575508e-08	6.157594900250e-04	3.440177009561e-08	5.574777592348e-04
204	9.884866501469e-01	1.151334985308e-02	-1.674609458910e+06	2.849360971997e-07	6.000962465211e-03	3.343024046753e-07	5.511768149370e-03
205	9.999933984804e-01	6.601519607852e-06	-3.979387713556e+04	1.623882645165e-10	3.513657300879e-06	1.904215928579e-10	3.087509497115e-06
206	9.980207771052e-01	1.979222894802e-03	-6.887623658335e+05	4.916079079037e-08	1.036305944109e-03	5.767699751144e-08	9.428101129048e-04
207	9.958836726695e-01	4.116327330517e-03	-9.955436807488e+05	1.021421888886e-07	2.152108960061e-03	1.198376441548e-07	1.963996390623e-03
208	9.978543013106e-01	2.145698689427e-03	-7.172872264157e+05	5.329144024041e-08	1.123309215932e-03	6.252328647107e-08	1.022273658768e-03
209	9.996877184979e-01	3.122815020994e-04	-2.729167341414e+05	7.760006436556e-09	1.639779070903e-04	9.103839072913e-09	1.482867311635e-04
210	9.976218537022e-01	2.378146297774e-03	7.481221016022e+05	5.945337937137e-08	1.249368180691e-03	6.975692570132e-08	1.128648906778e-03
211	9.951316773091e-01	4.868322690874e-03	-1.083416260635e+06	1.207640532943e-07	2.544245290165e-03	1.416858790798e-07	2.323814950778e-03
212	9.999973183525e-01	2.681647531921e-06	2.502023474681e+04	6.820995259576e-11	1.373710215325e-06	8.010276450573e-11	1.307789003879e-06
213	9.993450400723e-01	6.549599277164e-04	-3.954764150619e+05	1.627741180429e-08	3.435313770797e-04	1.909671876432e-08	3.113931765061e-04
214	9.996996474695e-01	3.003525304937e-04	-2.676480003669e+05	7.463447991863e-09	1.577238033464e-04	8.755910417914e-09	1.426125077889e-04
215	9.971477524816e-01	2.852247518401e-03	8.190667204997e+05	7.131739220512e-08	1.498869486783e-03	8.367680877582e-08	1.353223037417e-03
216	9.991812409004e-01	8.187590996189e-04	4.395402709554e+05	2.045837416485e-08	4.294769831708e-04	2.400440848845e-08	3.892376536655e-04
217	9.949155777892e-01	5.084422210788e-03	1.092405618009e+06	1.272156808054e-07	2.674554165044e-03	1.492613356976e-07	2.409591568728e-03
218	9.999332129707e-01	6.678702929930e-05	-1.262024157860e+05	1.656891312846e-09	3.517671274732e-05	1.943640119312e-09	3.160671602055e-05
219	9.986496262883e-01	1.350373711696e-03	-5.684557309976e+05	3.355145654334e-08	7.074994647213e-04	3.936336349946e-08	6.428013321546e-04
220	9.998597603877e-01	1.402396122514e-04	-1.828510357838e+05	3.482802311321e-09	7.374202707614e-05	4.085771159790e-09	6.649001660179e-05
221	9.998339751331e-01	1.660248668518e-04	1.980747958740e+05	4.150979085231e-09	8.687498129573e-05	4.870767715104e-09	7.914086380927e-05
222	9.999119605655e-01	8.803943449909e-05	1.442276070918e+05	2.202887175009e-09	4.600815435595e-05	2.584982326279e-09	4.202649227363e-05
223	9.967361253330e-01	3.263874667045e-03	-8.857434563559e+05	8.102004493174e-08	1.707299384874e-03	9.505596601050e-08	1.556399206159e-03
224	9.999768349204e-01	2.316507963795e-05	7.391332862864e+04	5.814403424274e-10	1.205568200262e-05	6.823946510813e-10	1.110813380034e-05
225	9.998529386214e-01	1.470613786241e-04	1.864201157794e+05	3.677296818428e-09	7.693463830796e-05	4.314978575179e-09	7.011874804073e-05
226	9.818877167042e-01	1.811228329585e-02	2.056308264899e+06	4.542495167910e-07	9.554270983147e-03	5.329629417601e-07	8.557025100240e-03
227	9.899577343707e-01	1.004226562925e-02	1.533033123110e+06	2.515427664728e-07	5.289840718081e-03	2.951317791462e-07	4.751878236628e-03
228	9.979737236454e-01	2.026276354632e-03	-6.969411908784e+05	5.032836208569e-08	1.060898601005e-03	5.904685148034e-08	9.652683784131e-04
229	9.997689172759e-01	2.310827240565e-04	-2.347387789258e+05	5.741320659500e-09	1.214003440133e-04	6.735480498704e-09	1.096699032421e-04
230	9.940843937271e-01	5.915606272919e-03	-1.195360046901e+06	1.466820344526e-07	3.089999285005e-03	1.720943634149e-07	2.825288211516e-03
231	9.990260796134e-01	9.739203865977e-04	-4.824978120278e+05	2.420211047349e-08	5.105249887609e-04	2.839429149206e-08	4.633428014349e-04
232	9.997187241725e-01	2.812758275137e-04	2.577906137861e+05	7.029733920858e-09	1.473133668479e-04	8.248488120827e-09	1.339471824438e-04
233	9.958699264235e-01	4.130073576489e-03	9.849582279387e+05	1.033094918267e-07	2.171724051234e-03	1.212126305307e-07	1.958125003132e-03
234	9.985184800330e-01	1.481519967014e-03	-5.955259514117e+05	3.680761049253e-08	7.760941312314e-04	4.318363703272e-08	7.053458445350e-04
235	9.988064291691e-01	1.193570830933e-03	-5.343160291271e+05	2.965768250186e-08	6.254683911190e-04	3.479500864693e-08	5.680379871224e-04
236	9.873886132271e-01	1.261138677290e-02	-1.753935934650e+06	3.120064587009e-07	6.570905046506e-03	3.660630344565e-07	6.039803656901e-03
237	9.999259662548e-01	7.403374519865e-05	-1.328678158531e+05	1.837001393237e-09	3.898346177529e-05	2.154939578897e-09	3.504629148239e-05
238	9.968662199037e-01	3.133780096275e-03	-8.677950609551e+05	7.779530353659e-08	1.639387118100e-03	9.127252262801e-08	1.494223910348e-03
239	9.992171640515e-01	7.828359485016e-04	-4.324535840389e+05	1.945490933068e-08	4.104943649264e-04	2.282467984440e-08	3.722993039860e-04
240	9.978605766934e-01	2.139423306558e-03	-7.162322385172e+05	5.313574524060e-08	1.120029881915e-03	6.234061708584e-08	1.019277948281e-03
241	9.999751766529e-01	2.482334711162e-05	-7.699498246660e+04	6.143467999380e-10	1.311596510442e-05	7.205889310367e-10	1.170604707147e-05
242	9.915006915755e-01	8.499308424506e-03	-1.435737316336e+06	2.105495657641e-07	4.434779804761e-03	2.470275671629e-07	4.064071042613e-03
243	9.940555149677e-01	5.944485032277e-03	-1.198303227005e+06	1.473964650935e-07	3.105042715112e-03	1.729325754432e-07	2.839121988125e-03
244	9.870608938845e-01	1.293910611549e-02	1.739199042055e+06	3.242673219174e-07	6.819745289559e-03	3.804578768106e-07	6.118656100730e-03
245	9.954112258987e-01	4.588774101323e-03	-1.051584904083e+06	1.138426887981e-07	2.398498113254e-03	1.335653366506e-07	2.190028580044e-03
246	9.966615769164e-01	3.338423083596e-03	-8.958699141174e+05	8.286777353843e-08	1.746211740200e-03	9.722382294556e-08	1.592031251800e-03
247	9.903823173670e-01	9.617682632960e-03	1.500416851922e+06	2.408881446817e-07	5.065704330341e-03	2.826309425629e-07	4.551454783532e-03
248	9.758581986920e-01	2.414180130795e-02	2.372899796038e+06	6.058880702278e-07	1.274448296499e-02	7.108767554031e-07	1.139600157813e-02
249	9.961943526350e-01	3.805647364968e-03	-9.569521297202e+05	9.444573941637e-08	1.990033237688e-03	1.108077362506e-07	1.815408873805e-03
250	9.996207588926e-01	3.792411074194e-04	-3.007909365077e+05	9.424580457670e-09	1.990778977402e-04	1.105675725959e-08	1.801427283415e-04
251	9.996705293654e-01	3.294706345730e-04	2.789873865032e+05	8.233586018933e-09	1.725969486842e-04	9.660989806548e-09	1.568557913130e-04
252	9.914866629479e-01	8.513337052123e-03	1.412024593185e+06	2.131812351227e-07	4.482854042386e-03	2.501230165712e-07	4.030019705485e-03
253	9.972936463590e-01	2.706353640959e-03	-8.060787664106e+05	6.719794945816e-08	1.416203160179e-03	7.883913353956e-08	1.290004443697e-03
254	9.998316452360e-01	1.683547640323e-04	-2.003464005140e+05	4.181787077788e-09	8.849520175488e-05	4.905820936992e-09	7.985047466942e-05
255	9.982886307553e-01	1.711369244713e-03	6.349402847619e+05	4.277391705938e-08	8.986288623667e-04	5.018710169327e-08	8.126474213275e-04
256	9.994658941760e-01	5.341058240385e-04	3.551230554493e+05	1.334567180898e-08	2.799957371218e-04	1.565905569604e-08	2.540810821891e-04
257	9.996043204535e-01	3.956795465494e-04	-3.072495789947e+05	9.833211515078e-09	2.076935546522e-04	1.153617408236e-08	1.879646225116e-04
258	9.999499110824e-01	5.008891758029e-05	-1.093084829734e+05	1.241932116903e-09	2.640252729485e-05	1.456827305418e-09	2.368369152602e-05
259	9.947724411251e-01	5.227558874908e-03	-1.123034268467e+06	1.296564298752e-07	2.731494385530e-03	1.521189295586e-07	2.495782714019e-03
260	9.998412540164e-01	1.587459836125e-04	-1.945436699307e+05	3.942896496368e-09	8.345346840745e-05	4.625553729361e-09	7.528394675487e-05
261	9.998014319426e-01	1.985680573872e-04	-2.175890552213e+05	4.932946452022e-09	1.043458177083e-04	5.787086434013e-09	9.421151964596e-05
262	9.998478152606e-01	1.521847394306e-04	1.896396371050e+05	3.805272453018e-09	7.962006769975e-05	4.465137372881e-09	7.255640132099e-05
263	9.991389500672e-01	8.610499328157e-04	-4.535990968549e+05	2.139814732504e-08	4.514428806034e-04	2.510456473284e-08	4.095605495002e-04
264	9.993715801249e-01	6.284198751426e-04	3.851593091612e+05	1.570210435052e-08	3.295137731262e-04	1.842386990170e-08	2.988719760422e-04
265	9.970906284895e-01	2.909371510518e-03	8.272005490936e+05	7.274710062364e-08	1.528937340983e-03	8.535426410593e-08	1.380276068171e-03
266	9.999317704418e-01	6.822955819530e-05	1.269568648285e+05	1.707932906725e-09	3.563379617167e-05	2.004219993961e-09	3.259204987073e-05
267	9.996505384954e-01	3.494615046025e-04	2.873195906048e+05	8.732947358759e-09	1.830857663350e-04	1.024689834605e-08	1.663567584217e-04
268	9.999919785819e-01	8.021418106074e-06	4.341803685691e+04	2.022930626932e-10	4.150708360965e-06	2.374689048309e-10	3.870269983142e-06
269	9.999999992728e-01	7.271869773007e-10	6.893346616014e+01	5.439883706706e-14	1.468799496082e-10	6.947116775422e-14	5.801831576876e-10
270	9.985487894816e-01	1.451210518402e-03	-5.893787685024e+05	3.605511504581e-08	7.602422010234e-04	4.230077358602e-08	6.908899614901e-04
271	9.997171358587e-01	2.828641413495e-04	2.585169723178e+05	7.069407622273e-09	1.481465362379e-04	8.295038075971e-09	1.347022406658e-04
272	9.999735548879e-01	2.644511210992e-05	-7.946506434583e+04	6.546129152117e-10	1.396940231793e-05	7.678251787721e-10	1.247428735389e-05
273	9.874975052076e-01	1.250249479236e-02	1.709729367336e+06	3.133031105988e-07	6.589088554855e-03	3.675938159121e-07	5.912725340574e-03
274	9.929537060644e-01	7.046293935558e-03	1.285138452807e+06	1.763888679181e-07	3.708899257152e-03	2.069552901770e-07	3.337011334248e-03
275	9.995794459189e-01	4.205540811234e-04	3.151649006804e+05	1.050886802026e-08	2.203923550675e-04	1.233060920153e-08	2.001388865787e-04
276	9.983777948205e-01	1.622205179479e-03	-6.232758803039e+05	4.030010248437e-08	8.496644948304e-04	4.728119710060e-08	7.724531033491e-04
277	9.965664355512e-01	3.433564448830e-03	-9.086333641195e+05	8.522575117578e-08	1.795869351026e-03	9.999033256975e-08	1.637509881720e-03
278	9.959704547250e-01	4.029545275032e-03	9.729423472078e+05	1.007918828332e-07	2.118771610454e-03	1.182587635823e-07	1.910554613932e-03
279	9.998050800444e-01	1.949199556184e-04	2.146172692193e+05	4.872725913725e-09	1.020239747561e-04	5.717616963448e-09	9.288539051941e-05
280	9.993483994983e-01	6.516005017438e-04	3.921878970788e+05	1.628130426775e-08	3.416859241342e-04	1.910344712255e-08	3.098791928582e-04
281	9.916257484523e-01	8.374251547726e-03	-1.425002415261e+06	2.074604969595e-07	4.369738913093e-03	2.434032846644e-07	4.004061770852e-03
282	9.975613783565e-01	2.438621643494e-03	7.575448192831e+05	6.096653670057e-08	1.281189155591e-03	7.153229388972e-08	1.157299989072e-03
283	9.994164418271e-01	5.835581729462e-04	3.711769350058e+05	1.458120980341e-08	3.059585778709e-04	1.710871949693e-08	2.775679051460e-04
284	9.965785687793e-01	3.421431220747e-03	-9.070154289241e+05	8.492505191407e-08	1.789536825515e-03	9.963753555770e-08	1.631709832644e-03
285	9.993787331992e-01	6.212668007558e-04	-3.851481064782e+05	1.544011281030e-08	3.258846220238e-04	1.811436932078e-08	2.953486242499e-04
286	9.998036408333e-01	1.963591667381e-04	2.154079282762e+05	4.908674567318e-09	1.027785942428e-04	5.759796607836e-09	9.356990402411e-05
287	9.999921841370e-01	7.815862952509e-06	4.285562015107e+04	1.971391215655e-10	4.043612325529e-06	2.314203979125e-10	3.771822067461e-06
288	9.997611588260e-01	2.388411739517e-04	-2.386495412369e+05	5.934208633554e-09	1.254693199402e-04	6.961779428013e-09	1.133589580234e-04
289	9.999700686382e-01	2.993136183171e-05	-8.453067549908e+04	7.411828662814e-10	1.580364930969e-05	8.693812090079e-10	1.412610195795e-05
290	9.998223257031e-01	1.776742969386e-04	-2.058186728638e+05	4.413487655065e-09	9.338481259136e-05	5.177653242041e-09	8.427989320635e-05
291	9.999342619820e-01	6.573801795451e-05	1.246152094809e+05	1.645675313145e-09	3.432927415521e-05	1.931168608425e-09	3.140516695538e-05
292	9.938400561723e-01	6.159943827656e-03	1.201935376765e+06	1.541685649626e-07	3.241492597094e-03	1.808846478093e-07	2.918116177349e-03
293	9.821007457898e-01	1.789925421019e-02	-2.096482778599e+06	4.421705036373e-07	9.311325993394e-03	5.187796928455e-07	8.586967266603e-03
294	9.998430129945e-01	1.569870055371e-04	-1.934626332560e+05	3.899165499074e-09	8.253048949308e-05	4.574248433577e-09	7.444804263011e-05
295	9.999120212863e-01	8.797871366095e-05	1.441778328253e+05	2.201370149171e-09	4.597634957103e-05	2.583202308169e-09	4.199757951747e-05
296	9.997526119862e-01	2.473880138054e-04	2.417720613120e+05	6.183273866962e-09	1.295385170774e-04	7.255318009697e-09	1.178360581362e-04
297	9.996131814482e-01	3.868185518326e-04	-3.037850702749e+05	9.612943521090e-09	2.030494219900e-04	1.127774976879e-08	1.837482391494e-04
298	9.915103017878e-01	8.489698212184e-03	-1.434915104021e+06	2.103121887133e-07	4.429781795192e-03	2.467490620286e-07	4.059459355741e-03
299	9.996961893307e-01	3.038106692598e-04	2.679113325322e+05	7.592624252308e-09	1.591348130039e-04	8.908938214126e-09	1.446593546935e-04
300	9.914999871395e-01	8.500012860482e-03	1.410923993179e+06	2.128469986276e-07	4.475823022721e-03	2.497308639198e-07	4.023727259899e-03
301	9.935075745481e-01	6.492425451931e-03	-1.252879607540e+06	1.609494325675e-07	3.390418493805e-03	1.888337171244e-07	3.101657174976e-03
302	9.978853453898e-01	2.114654610230e-03	7.055868928678e+05	5.286122187181e-08	1.110741731465e-03	6.202242841863e-08	1.003797995114e-03
303	9.996980848502e-01	3.019151498268e-04	-2.683440311453e+05	7.502295484895e-09	1.585430691936e-04	8.801487107199e-09	1.433557768506e-04
304	9.999895197627e-01	1.048023729877e-05	-5.009058972895e+04	2.584729020610e-10	5.560887726109e-06	3.031265703057e-10	4.918787973189e-06
305	9.969217498575e-01	3.078250142542e-03	-8.600223388128e+05	7.641874101033e-08	1.610396792983e-03	8.965746432194e-08	1.467687273354e-03
306	9.996870968825e-01	3.129031175089e-04	-2.731885140455e+05	7.775459906574e-09	1.643037980902e-04	9.121969417946e-09	1.485824219893e-04
307	9.951967127596e-01	4.803287240421e-03	1.061894742492e+06	1.201722856417e-07	2.526404538110e-03	1.409974468978e-07	2.276621532579e-03
308	9.990398041932e-01	9.601958068335e-04	4.759210112291e+05	2.399320111226e-08	5.037786383937e-04	2.815181548508e-08	4.563650234232e-04
309	9.914508741698e-01	8.549125830211e-03	1.414976527454e+06	2.140790003635e-07	4.501739507746e-03	2.511763456147e-07	4.046921067118e-03
310	9.960631644604e-01	3.936835539557e-03	9.617266205720e+05	9.847018731832e-08	2.069940087131e-03	1.155347581942e-07	1.866681447481e-03
311	9.994552114374e-01	5.447885626330e-04	3.586521860517e+05	1.361256877986e-08	2.856039995856e-04	1.597220760479e-08	2.591549782710e-04
312	9.913352618227e-01	8.664738177333e-03	1.424470292895e+06	2.169792141310e-07	4.562748717775e-03	2.545791052248e-07	4.101517901238e-03
313	9.994554437910e-01	5.445562090109e-04	3.585757974418e+05	1.360676365657e-08	2.854820162361e-04	1.596539641821e-08	2.590446206148e-04
314	9.980576586258e-01	1.942341374151e-03	6.763124091061e+05	4.855083370801e-08	1.020102013823e-03	5.696509829189e-08	9.221338443959e-04
315	9.997539166251e-01	2.460833748708e-04	-2.422433335121e+05	6.114260979136e-09	1.292673926924e-04	7.173019559103e-09	1.168026948978e-04
316	9.999874502346e-01	1.254976535703e-05	5.435556001991e+04	3.157590974205e-10	6.511988860759e-06	3.706251926638e-10	6.037090111980e-06
317	9.986438934245e-01	1.356106575485e-03	-5.696656055269e+05	3.369380382072e-08	7.104982426491e-04	3.953037196651e-08	6.455351086602e-04
318	9.972224491835e-01	2.777550816535e-03	8.083061009488e+05	6.944794256648e-08	1.459553822882e-03	8.148341109450e-08	1.317846062299e-03
319	9.961507841870e-01	3.849215813023e-03	-9.624550015797e+05	9.552516586417e-08	2.012764549451e-03	1.120741798870e-07	1.836243664226e-03
320	9.982664270589e-01	1.733572941086e-03	6.390347829509e+05	4.332921894609e-08	9.103051025570e-04	5.083863175368e-08	8.231736706778e-04
321	9.998982853591e-01	1.017146408756e-04	-1.557264700309e+05	2.525066186049e-09	5.351984455374e-05	2.962162603731e-09	4.818930909307e-05
322	9.961044350323e-01	3.895564967694e-03	9.566911287376e+05	9.743669601358e-08	2.048203094453e-03	1.143221794222e-07	1.847150114366e-03
323	9.984034866139e-01	1.596513386086e-03	6.133203696897e+05	3.990158273763e-08	8.382338139485e-04	4.681701992951e-08	7.581928535353e-04
324	9.905526462402e-01	9.447353759769e-03	1.487129434349e+06	2.366142027992e-07	4.975795785075e-03	2.776164186834e-07	4.471043744072e-03
325	9.984880052267e-01	1.511994773253e-03	5.969070642887e+05	3.778808644691e-08	7.937956465938e-04	4.433727418440e-08	7.181170012986e-04
326	9.931839099699e-01	6.816090030127e-03	-1.284064630760e+06	1.689528729812e-07	3.558939367843e-03	1.982238287235e-07	3.256783485582e-03
327	9.999874998128e-01	1.250018718713e-05	-5.468829498899e+04	3.085507193142e-10	6.625999491878e-06	3.618687583929e-10	5.873517275769e-06
328	9.961915109375e-01	3.808489062497e-03	-9.573119884147e+05	9.451614471868e-08	1.991515884194e-03	1.108903396951e-07	1.816767771819e-03
329	9.992497388089e-01	7.502611910515e-04	-4.233382777732e+05	1.864553021459e-08	3.934381386667e-04	2.187508460660e-08	3.567825317700e-04
330	9.935014178896e-01	6.498582110351e-03	1.234392677408e+06	1.626572140816e-07	3.420050880518e-03	1.908442141057e-07	3.078177728405e-03
331	9.988499747483e-01	1.150025251663e-03	5.207465995501e+05	2.873818140419e-08	6.035271700878e-04	3.371908318395e-08	5.464356243111e-04
332	9.986380499302e-01	1.361950069775e-03	-5.708962219463e+05	3.383889736408e-08	7.135548645406e-04	3.970060250054e-08	6.483216657346e-04
333	9.971452358878e-01	2.854764112172e-03	-8.280186281186e+05	7.087798166262e-08	1.493707084948e-03	8.315674494814e-08	1.360902992497e-03
334	9.999969318120e-01	3.068188033528e-06	2.677687535883e+04	7.793842973362e-11	1.574169302450e-06	9.152171194733e-11	1.493849270937e-06
335	9.958987590136e-01	4.101240986413e-03	-9.937034712659e+05	1.017684974904e-07	2.144239653539e-03	1.193992082718e-07	1.956780165168e-03
336	9.987438321673e-01	1.256167832739e-03	-5.481968348993e+05	3.121218936807e-08	6.582181648032e-04	3.661882692483e-08	5.978818369191e-04
337	9.997251004764e-01	2.748995236233e-04	2.548537325557e+05	6.870463633416e-09	1.439686566731e-04	8.061613017041e-09	1.309159348735e-04
338	9.962100996426e-01	3.789900357352e-03	9.436751493615e+05	9.479075563847e-08	1.992552375853e-03	1.112177411552e-07	1.797141973002e-03
339	9.989516440789e-01	1.048355921091e-03	4.972449479215e+05	2.619675410543e-08	5.501003133230e-04	3.073723719985e-08	4.981986737762e-04
340	9.856723765539e-01	1.432762344612e-02	-1.871557554739e+06	3.542881211436e-07	7.461096794667e-03	4.156705242570e-07	6.865756692810e-03
341	9.997384106055e-01	2.615893945419e-04	2.486110327788e+05	6.537998674780e-09	1.369870929222e-04	7.671524736373e-09	1.245880920963e-04
342	9.999853026367e-01	1.469736328086e-05	5.883803756462e+04	3.695353793381e-10	7.632806630179e-06	4.337315812084e-10	7.063753383718e-06
343	9.995160145136e-01	4.839854863519e-04	3.380714167789e+05	1.209350432025e-08	2.536853412252e-04	1.418987830596e-08	2.302738617441e-04
344	9.925629082460e-01	7.437091754037e-03	1.320142840259e+06	1.861881028062e-07	3.915030903840e-03	2.184525340375e-07	3.521656209560e-03
345	9.883417205131e-01	1.165827948685e-02	-1.685282095384e+06	2.885099707133e-07	6.076207589084e-03	3.384954944963e-07	5.581444892304e-03
346	9.990247758772e-01	9.752241228487e-04	-4.828216063040e+05	2.423449614137e-08	5.112073604106e-04	2.843228773885e-08	4.639640956542e-04
347	9.990123607698e-01	9.876392302095e-04	4.826606102883e+05	2.467912801425e-08	5.181975093875e-04	2.895661157763e-08	4.693880850825e-04
348	9.931017137888e-01	6.898286211179e-03	-1.291868590034e+06	1.709851294272e-07	3.601730426925e-03	2.006081929655e-07	3.296184190932e-03
349	9.938025262333e-01	6.197473766741e-03	1.205575978474e+06	1.551092766906e-07	3.261280324378e-03	1.819883666401e-07	2.935856344720e-03
350	9.996167441411e-01	3.832558588603e-04	3.008788713740e+05	9.577130319017e-09	2.008186530089e-04	1.123739009765e-08	1.824163913311e-04
351	9.979691713472e-01	2.030828652793e-03	6.915017279488e+05	5.076426558687e-08	1.066646142937e-03	5.956209368441e-08	9.640721834968e-04
352	9.990899804727e-01	9.100195273404e-04	-4.663548272891e+05	2.261471144977e-08	4.770775366116e-04	2.653188801434e-08	4.328928441293e-04
353	9.981240076780e-01	1.875992321952e-03	6.646936478406e+05	4.689125945073e-08	9.852049638692e-04	5.501793736271e-08	8.906854488859e-04
354	9.967602585562e-01	3.239741443794e-03	8.727426216249e+05	8.101654897198e-08	1.702853631453e-03	9.505668511862e-08	1.536711739107e-03
355	9.998468854955e-01	1.531145044534e-04	1.902180480838e+05	3.828496820400e-09	8.010741995896e-05	4.492387412086e-09	7.299876361024e-05
356	9.998448763736e-01	1.551236264152e-04	1.914619518492e+05	3.878682085531e-09	8.116054831597e-05	4.551271687857e-09	7.395464814548e-05
357	9.997936466286e-01	2.063533713604e-04	2.208201669635e+05	5.158309771591e-09	1.080190254834e-04	6.052700939921e-09	9.832313486632e-05
358	9.979256990171e-01	2.074300982913e-03	-7.051925767164e+05	5.151997780314e-08	1.085997481431e-03	6.044491585738e-08	9.881915365880e-04
359	9.999391134352e-01	6.088656477710e-05	-1.205035046896e+05	1.510250634424e-09	3.207670028139e-05	1.771606650349e-09	2.880658263843e-05
360	9.999349178327e-01	6.508216732148e-05	-1.245825535394e+05	1.614520450254e-09	3.428104943946e-05	1.893932105103e-09	3.079760942947e-05
361	9.995847811303e-01	4.152188697130e-04	3.131615103979e+05	1.037558852453e-08	2.175923576412e-04	1.217423086909e-08	1.976039622524e-04
362	9.971644723157e-01	2.835527684259e-03	8.166705323333e+05	7.089893450693e-08	1.490069037030e-03	8.318583835203e-08	1.345304562457e-03
363	9.968889108956e-01	3.111089104399e-03	-8.646271864628e+05	7.723281167367e-08	1.627541091399e-03	9.061257644429e-08	1.483380167612e-03
364	9.999562992339e-01	4.370076610571e-05	-1.021091373339e+05	1.083211257775e-09	2.304462870817e-05	1.270624632959e-09	2.065378356166e-05
365	9.937560015158e-01	6.243998484155e-03	1.210073764938e+06	1.562754663075e-07	3.285810976793e-03	1.833566342557e-07	2.957847875262e-03
366	9.984591897599e-01	1.540810240111e-03	-6.073733424027e+05	3.827954619471e-08	8.071012404622e-04	4.491058256528e-08	7.336258095200e-04
367	9.981175945187e-01	1.882405481288e-03	-6.716253995707e+05	4.675822425062e-08	9.856997567670e-04	5.485818520672e-08	8.966041081114e-04
368	9.998844434920e-01	1.155565079752e-04	1.652465479685e+05	2.890315808840e-09	6.042404064412e-05	3.391579327686e-09	5.512618543598e-05
369	9.979797375192e-01	2.020262480815e-03	6.897057209195e+05	5.049995495668e-08	1.061088167490e-03	5.925198095213e-08	9.590645613894e-04
370	9.999996164532e-01	3.835468076474e-07	9.332963174308e+03	1.009206571144e-11	1.888210838008e-07	1.187177174693e-11	1.947037600092e-07
371	9.949797845548e-01	5.020215445231e-03	1.085513735235e+06	1.256070076857e-07	2.640717424551e-03	1.473739086354e-07	2.379225039764e-03
372	9.979197447702e-01	2.080255229753e-03	6.998413971304e+05	5.200068650565e-08	1.092645987919e-03	6.101277225995e-08	9.874962283747e-04
373	9.979920290404e-01	2.007970959560e-03	6.876104918244e+05	5.019248747604e-08	1.054622695208e-03	5.889123276466e-08	9.532391806323e-04
374	9.991317310816e-01	8.682689183928e-04	4.526101657461e+05	2.169568526633e-08	4.554843161206e-04	2.545614464760e-08	4.127374504422e-04
375	9.845256451785e-01	1.547435482149e-02	1.901259848840e+06	3.879525614170e-07	8.159523251546e-03	4.551782976374e-07	7.313988439083e-03
376	9.998822090532e-01	1.177909467724e-04	-1.675789581803e+05	2.924714182846e-09	6.195953524933e-05	3.431025057801e-09	5.582505578387e-05
377	9.889969617587e-01	1.100303824134e-02	-1.636505237655e+06	2.723500111842e-07	5.735971258257e-03	3.195356304764e-07	5.266475097445e-03
378	9.926729967161e-01	7.327003283918e-03	1.310377566324e+06	1.834275118066e-07	3.856960332570e-03	2.152135887969e-07	3.469644310247e-03
379	9.994145598820e-01	5.854401179801e-04	-3.738553441600e+05	1.454975499005e-08	3.071188645656e-04	1.706977019218e-08	2.782896338894e-04
380	9.999670990965e-01	3.290090348740e-05	8.811826696766e+04	8.249303129508e-10	1.714539150086e-05	9.681130711943e-10	1.575371894315e-05
381	9.951259297041e-01	4.874070295914e-03	1.069659450876e+06	1.219455648812e-07	2.563703219605e-03	1.430780035727e-07	2.310102052741e-03
382	9.929222862514e-01	7.077713748582e-03	-1.308748168867e+06	1.754210227238e-07	3.695131980410e-03	2.058126474616e-07	3.382200534502e-03
383	9.956607177498e-01	4.339282250242e-03	-1.022363080108e+06	1.076643363937e-07	2.268395181449e-03	1.263165409242e-07	2.070653087916e-03
384	9.929308598963e-01	7.069140103742e-03	-1.307946380938e+06	1.752090720113e-07	3.690669186365e-03	2.055639742358e-07	3.378090144331e-03
385	9.982435642178e-01	1.756435782221e-03	-6.486617110202e+05	4.363189030962e-08	9.198470209177e-04	5.119021428282e-08	8.364939391992e-04
386	9.994538441215e-01	5.461558785255e-04	3.591013742452e+05	1.364672993689e-08	2.863218282343e-04	1.601228910033e-08	2.598043912721e-04
387	9.992231472964e-01	7.768527035645e-04	4.281640157812e+05	1.941112684629e-08	4.074653990772e-04	2.277567317774e-08	3.693451176873e-04
388	9.997844899448e-01	2.155100552099e-04	2.256646423603e+05	5.387025201524e-09	1.128205782154e-04	6.321059174041e-09	1.026777689101e-04
389	9.944832619170e-01	5.516738082983e-03	-1.153967079740e+06	1.368130651533e-07	2.882191440287e-03	1.605155106599e-07	2.634249314120e-03
390	9.854404174630e-01	1.455958253703e-02	-1.886925036245e+06	3.600000454517e-07	7.581353868192e-03	4.223721122421e-07	6.977446296685e-03
391	9.999916145023e-01	8.385497699215e-06	4.439677438526e+04	2.114208296192e-10	4.340420538582e-06	2.481809239625e-10	4.044617558879e-06
392	9.993780723913e-01	6.219276087005e-04	-3.853533115687e+05	1.545653466781e-08	3.262307332124e-04	1.813363602836e-08	2.956632853174e-04
393	9.994036005594e-01	5.963994405738e-04	3.752327710530e+05	1.490205103611e-08	3.127008116712e-04	1.748516404579e-08	2.836662416875e-04
394	9.986051975187e-01	1.394802481287e-03	5.733656123773e+05	3.485777270957e-08	7.321850133770e-04	4.089916148466e-08	6.625417109757e-04
395	9.999460135205e-01	5.398647951615e-05	1.129175495181e+05	1.352008090562e-09	2.817746978312e-05	1.586585599795e-09	2.580607113934e-05
396	9.983637427824e-01	1.636257217610e-03	6.208874143595e+05	4.089547514471e-08	8.591316583061e-04	4.798314427906e-08	7.770366806842e-04
397	9.998516690582e-01	1.483309417594e-04	1.872230799502e+05	3.709009121190e-09	7.760007389569e-05	4.352187869885e-09	7.072280666669e-05
398	9.992055993454e-01	7.944006546402e-04	4.329643201116e+05	1.984964782096e-08	4.166823709482e-04	2.329018994456e-08	3.776751438543e-04
399	9.986156616868e-01	1.384338313213e-03	-5.755870499114e+05	3.439478750644e-08	7.252654985250e-04	4.035279889395e-08	6.589980671012e-04
400	9.999097279715e-01	9.027202847878e-05	-1.467091335304e+05	2.240624069451e-09	4.751163646618e-05	2.628459961650e-09	4.275552292857e-05
401	9.998906727813e-01	1.093272186719e-04	1.607294883115e+05	2.734702914515e-09	5.716013708253e-05	3.208991007243e-09	5.216113789540e-05
402	9.980925983968e-01	1.907401603238e-03	6.702192199125e+05	4.767688327997e-08	1.001724775934e-03	5.593970156696e-08	9.055732107195e-04
403	9.995665173710e-01	4.334826289605e-04	-3.216133372599e+05	1.077290152407e-08	2.275049779335e-04	1.263864473897e-08	2.059542394807e-04
404	9.992320900233e-01	7.679099766695e-04	4.256967576939e+05	1.918765210522e-08	4.027683866655e-04	2.251347015285e-08	3.650998888818e-04
405	9.998022487246e-01	1.977512754294e-04	-2.171408708873e+05	4.912639688471e-09	1.039173572593e-04	5.763262349659e-09	9.382324226812e-05
406	9.999613706329e-01	3.862936708998e-05	-9.601009843492e+04	9.572226486408e-10	2.037827775693e-05	1.122822710792e-09	1.824900928769e-05
407	9.980504489261e-01	1.949551073919e-03	6.775628413933e+05	4.873117296924e-08	1.023894164626e-03	5.717668835105e-08	9.255510014311e-04
408	9.891098759867e-01	1.089012401329e-02	-1.627959793165e+06	2.695646972411e-07	5.677328217073e-03	3.162677282955e-07	5.212209963789e-03
409	9.953470307753e-01	4.652969224662e-03	-1.058976864780e+06	1.154322216363e-07	2.431970007363e-03	1.354302676606e-07	2.220748354810e-03
410	9.939334213623e-01	6.066578637663e-03	-1.210669916525e+06	1.504167867773e-07	3.168640048317e-03	1.764761946249e-07	2.897611696365e-03
411	9.851480260585e-01	1.485197394153e-02	-1.906130527188e+06	3.671992043609e-07	7.732922435796e-03	4.308186176171e-07	7.118253487907e-03
412	9.987171183694e-01	1.282881630606e-03	-5.540159514195e+05	3.187555583779e-08	6.721934689742e-04	3.739711898742e-08	6.106188889573e-04
413	9.984095993457e-01	1.590400654260e-03	6.121481687713e+05	3.974872146113e-08	8.350197323577e-04	4.663766925143e-08	7.552945355119e-04
414	9.997729165402e-01	2.270834597524e-04	-2.326973194188e+05	5.641892131761e-09	1.193028327237e-04	6.618829610834e-09	1.077683663070e-04
415	9.998895435379e-01	1.104564621389e-04	1.615577257792e+05	2.762912600779e-09	5.775179856415e-05	3.242090855585e-09	5.269865857131e-05
416	9.966327706674e-01	3.367229332637e-03	8.896881983153e+05	8.420808054096e-08	1.769976762278e-03	9.880126115843e-08	1.597069561017e-03
417	9.949894470902e-01	5.010552909766e-03	1.084472739845e+06	1.253649206480e-07	2.635625389345e-03	1.470898722849e-07	2.374655065628e-03
418	9.999866679011e-01	1.333209892596e-05	-5.647283923320e+04	3.291806533308e-10	7.064513526017e-06	3.860683455737e-10	6.266870150940e-06
419	9.947912449157e-01	5.208755084321e-03	1.105628026535e+06	1.303309100500e-07	2.740079989386e-03	1.529163773164e-07	2.468391847647e-03
420	9.999759912380e-01	2.400876198927e-05	7.525035266746e+04	6.025455404828e-10	1.249658978196e-05	7.071604121233e-10	1.151086250136e-05
421	9.980479311435e-01	1.952068856505e-03	-6.839986681074e+05	4.848697423853e-08	1.022113182928e-03	5.688644182098e-08	9.298503001612e-04
422	9.990138992447e-01	9.861007553402e-04	-4.855145827373e+05	2.450467667569e-08	5.169000968139e-04	2.874927508234e-08	4.691474045746e-04
423	9.939467771556e-01	6.053222844376e-03	-1.209323084124e+06	1.500864060749e-07	3.161683406759e-03	1.760885725228e-07	2.891213262639e-03
424	9.978054984683e-01	2.194501531668e-03	-7.254402454764e+05	5.450222895342e-08	1.148811398498e-03	6.394384621829e-08	1.045571687095e-03
425	9.996415156366e-01	3.584843634039e-04	-2.924330752505e+05	8.908593168743e-09	1.881982327391e-04	1.045138780612e-08	1.702667706839e-04
426	9.981707738662e-01	1.829226133850e-03	6.563795662878e+05	4.572155373595e-08	9.606090226836e-04	5.364553384942e-08	8.685177440785e-04
427	9.915649072213e-01	8.435092778675e-03	1.405549043629e+06	2.112185020494e-07	4.441565882863e-03	2.478201831086e-07	3.993067857127e-03
428	9.947173986591e-01	5.282601340938e-03	-1.128985336605e+06	1.310187338375e-07	2.760180516109e-03	1.537172636930e-07	2.522136088831e-03
429	9.995640736492e-01	4.359263507708e-04	3.208670109875e+05	1.089288785226e-08	2.284601933212e-04	1.278118379907e-08	2.074424833779e-04
430	9.969931151045e-01	3.006884895507e-03	-8.499309506986e+05	7.464953611621e-08	1.573137210295e-03	8.758173683069e-08	1.433585453939e-03
431	9.993631202395e-01	6.368797604702e-04	3.877392703071e+05	1.591348475375e-08	3.339559929333e-04	1.867188328355e-08	3.028891821688e-04
432	9.999519408676e-01	4.805913238692e-05	-1.070734232839e+05	1.191497651078e-09	2.533566382649e-05	1.397660188872e-09	2.272087940259e-05
433	9.907879503113e-01	9.212049688740e-03	-1.495509675893e+06	2.281510351823e-07	4.805379053594e-03	2.676786804188e-07	4.406174805430e-03
434	9.975568472234e-01	2.443152776613e-03	7.582460623559e+05	6.107991276260e-08	1.283573411166e-03	7.166531644082e-08	1.159446620218e-03
435	9.989785227196e-01	1.021477280362e-03	-4.941731066419e+05	2.538342218911e-08	5.354151284275e-04	2.978025712840e-08	4.860069882549e-04
436	9.992039505579e-01	7.960494421194e-04	-4.360972373223e+05	1.978321330349e-08	4.174126620578e-04	2.320985904968e-08	3.785937869892e-04
437	9.968230652159e-01	3.176934784061e-03	-8.737888422816e+05	7.886504554025e-08	1.661915715038e-03	9.252760247610e-08	1.514847676375e-03
438	9.988059314664e-01	1.194068533582e-03	-5.344277992062e+05	2.967004287393e-08	6.257287937003e-04	3.480951040498e-08	5.682752603288e-04
439	9.994826753901e-01	5.173246098833e-04	3.495069409074e+05	1.292641633878e-08	2.711861658787e-04	1.516714039853e-08	2.461103504478e-04
440	9.998997812959e-01	1.002187041258e-04	-1.545774441170e+05	2.487879146299e-09	5.273442392681e-05	2.918535318834e-09	4.747887378452e-05
441	9.996949524401e-01	3.050475599333e-04	2.684557542900e+05	7.623520375333e-09	1.597836992395e-04	8.945189201669e-09	1.452472919843e-04
442	9.996300295446e-01	3.699704553579e-04	2.956228697439e+05	9.245258147350e-09	1.938471740679e-04	1.084800000920e-08	1.761031880319e-04
443	9.950425364064e-01	4.957463593578e-03	1.078735048270e+06	1.240348285104e-07	2.607648393506e-03	1.455292990937e-07	2.349545635945e-03
444	9.996713340106e-01	3.286659893851e-04	-2.799925578600e+05	8.167325028741e-09	1.725674376874e-04	9.581714313377e-09	1.560808026583e-04
445	9.939765223963e-01	6.023477603685e-03	-1.206318273628e+06	1.493505912468e-07	3.146189755559e-03	1.752252712317e-07	2.876963272264e-03
446	9.967678557747e-01	3.232144225263e-03	8.717223069487e+05	8.082636714280e-08	1.698853819382e-03	9.483354749719e-08	1.533114745967e-03
447	9.996926200035e-01	3.073799965273e-04	-2.707642096153e+05	7.638153680502e-09	1.614081911574e-04	8.960878802864e-09	1.459552063375e-04
448	9.964734713792e-01	3.526528620763e-03	9.104148132641e+05	8.819628150856e-08	1.853856140513e-03	1.034805567134e-07	1.672480803412e-03
449	9.995848174508e-01	4.151825491907e-04	3.131478278054e+05	1.037468121249e-08	2.175732962487e-04	1.217316630973e-08	1.975867050945e-04
450	9.999519035080e-01	4.809649204662e-05	-1.071149823892e+05	1.192425915253e-09	2.535530088249e-05	1.398749179249e-09	2.273859998904e-05
451	9.996564405423e-01	3.435594576708e-04	2.848850644861e+05	8.585516560385e-09	1.799889997668e-04	1.007391553306e-08	1.635517984719e-04
452	9.891446741732e-01	1.085532582681e-02	1.593614548748e+06	2.719492775001e-07	5.719126841384e-03	3.190742900625e-07	5.135607961855e-03
453	9.876909612175e-01	1.230903878254e-02	1.696506960648e+06	3.084453761266e-07	6.486895488368e-03	3.618943464364e-07	5.821472954452e-03
454	9.999863618342e-01	1.363816579436e-05	5.667148875202e+04	3.430150726915e-10	7.079957100842e-06	4.026101600630e-10	6.557463068285e-06
455	9.999275298932e-01	7.247010684452e-05	1.308459336962e+05	1.813890548803e-09	3.785422651438e-05	2.128547576872e-09	3.461193789202e-05
456	9.967128088221e-01	3.287191177879e-03	8.790881247706e+05	8.220438003555e-08	1.727835576715e-03	9.645034958397e-08	1.559176946434e-03
457	9.980094047047e-01	1.990595295302e-03	-6.907478468720e+05	4.944298710207e-08	1.042249891233e-03	5.800808453686e-08	9.482379529967e-04
458	9.996867081648e-01	3.132918351869e-04	2.720565732939e+05	7.829453524883e-09	1.641088164534e-04	9.186814263393e-09	1.491660024657e-04
459	9.999981556340e-01	1.844366035453e-06	-2.112513861451e+04	4.485827942513e-11	9.947027662955e-07	5.257839311251e-11	8.495658324847e-07
460	9.997217423914e-01	2.782576085543e-04	2.564046500643e+05	6.954343384488e-09	1.457301390375e-04	8.160030865936e-09	1.325123551425e-04
461	9.980665837817e-01	1.933416218299e-03	-6.807073828104e+05	4.802410615319e-08	1.012363638967e-03	5.634338159415e-08	9.209482118445e-04
462	9.930327523288e-01	6.967247671235e-03	-1.298381125435e+06	1.726900852676e-07	3.637629792231e-03	2.026085487461e-07	3.329242580370e-03
463	9.882330596275e-01	1.176694037254e-02	-1.693242078716e+06	2.911893062092e-07	6.132618833800e-03	3.416390570500e-07	5.633688710376e-03
464	9.965358827418e-01	3.464117258155e-03	-9.126950873576e+05	8.598293226730e-08	1.811815052532e-03	1.008786993500e-07	1.652115343992e-03
465	9.994120657923e-01	5.879342077175e-04	-3.746524354426e+05	1.461173890174e-08	3.084253040125e-04	1.714249186811e-08	2.794771494743e-04
466	9.997594888067e-01	2.405111933359e-04	-2.394830190246e+05	5.975728021158e-09	1.263451515614e-04	7.010490592949e-09	1.141530555559e-04
467	9.892981550157e-01	1.070184498433e-02	1.582357708930e+06	2.680968283796e-07	5.638083584462e-03	3.145542967267e-07	5.063178748739e-03
468	9.965278696720e-01	3.472130328013e-03	9.033909679131e+05	8.683433401038e-08	1.825211699395e-03	1.018826036775e-07	1.646729911679e-03
469	9.974270217382e-01	2.572978261790e-03	-7.858495796275e+05	6.389033029037e-08	1.346541325360e-03	7.495845854135e-08	1.226298087641e-03
470	9.996585420413e-01	3.414579587481e-04	2.840131631509e+05	8.533022102057e-09	1.788863722643e-04	1.001232296698e-08	1.625530411387e-04
471	9.995367018555e-01	4.632981444872e-04	-3.325072391562e+05	1.151401122401e-08	2.431286951026e-04	1.350813660493e-08	2.201444272368e-04
472	9.997737446114e-01	2.262553885802e-04	-2.322723895787e+05	5.621304851920e-09	1.188685248132e-04	6.594676342824e-09	1.073746477859e-04
473	9.999030214018e-01	9.697859823288e-05	1.513766016685e+05	2.426213455008e-09	5.069069201578e-05	2.847023943678e-09	4.628263297970e-05
474	9.989154063762e-01	1.084593623810e-03	5.057476924253e+05	2.710256178979e-08	5.691422474834e-04	3.180001784898e-08	5.153924737472e-04
475	9.996780565417e-01	3.219434583075e-04	-2.771111097659e+05	8.000203573823e-09	1.690432350719e-04	9.385643641060e-09	1.528828373884e-04
476	9.967883125938e-01	3.211687406227e-03	8.689689215346e+05	8.031427358672e-08	1.688083732009e-03	9.423271590199e-08	1.523429127229e-03
477	9.963830664088e-01	3.616933591210e-03	-9.327512329466e+05	8.976986031004e-08	1.891564510716e-03	1.053217336786e-07	1.725173988901e-03
478	9.999998776132e-01	1.223867673872e-07	5.177835454467e+03	3.360498456082e-12	5.727691200029e-08	3.962430256614e-12	6.510253245818e-08
479	9.807108707131e-01	1.928912928688e-02	2.121816500933e+06	4.838358155648e-07	1.017671020744e-02	5.676758329259e-07	9.111367567799e-03
480	9.998594985191e-01	1.405014808611e-04	1.822146769550e+05	3.513436773390e-09	7.349641584734e-05	4.122714971850e-09	6.699742886200e-05
481	9.941576448950e-01	5.842355105003e-03	1.170669802893e+06	1.462085289025e-07	3.074055453120e-03	1.715452905642e-07	2.767981898063e-03
482	9.999763055926e-01	2.369440739380e-05	7.475497104509e+04	5.946819155286e-10	1.233230429609e-05	6.979328990288e-10	1.136081048290e-05
483	9.990459967228e-01	9.540032772418e-04	4.743869145759e+05	2.383842602890e-08	5.005251429757e-04	2.797021828313e-08	4.534263256218e-04
484	9.999910198071e-01	8.980192874430e-06	-4.638131325137e+04	2.212993770369e-10	4.769517201177e-06	2.595221637809e-10	4.210194851713e-06
485	9.999187469289e-01	8.125307112072e-05	-1.391913133264e+05	2.016441335111e-09	4.277527612227e-05	2.365453719051e-09	3.847341310340e-05
486	9.983075123871e-01	1.692487612915e-03	-6.366922045003e+05	4.204466530444e-08	8.864131734022e-04	4.932800357917e-08	8.059830668438e-04
487	9.994768217134e-01	5.231782865772e-04	3.514762129140e+05	1.307266159588e-08	2.742591078080e-04	1.533873098165e-08	2.488907673766e-04
488	9.979817798656e-01	2.018220134406e-03	-6.955475742292e+05	5.012846106730e-08	1.056688083174e-03	5.881231743229e-08	9.614231104532e-04
489	9.987463017218e-01	1.253698278181e-03	5.436593990724e+05	3.132992330396e-08	6.580142711637e-04	3.675996034021e-08	5.956159171336e-04
490	9.966571143439e-01	3.342885656099e-03	8.864777168530e+05	8.359864414769e-08	1.757159262565e-03	9.808621845383e-08	1.585544708671e-03
491	9.996205363990e-01	3.794636009808e-04	2.993880178345e+05	9.482398551975e-09	1.988286453318e-04	1.112624006534e-08	1.806143470104e-04
492	9.997707371718e-01	2.292628281668e-04	-2.338119987939e+05	5.696075025677e-09	1.204458612090e-04	6.682397712463e-09	1.088045884851e-04
493	9.994176108825e-01	5.823891174823e-04	3.708054815241e+05	1.455200095503e-08	3.053447815228e-04	1.707444861012e-08	2.770127095100e-04
494	9.997334400117e-01	2.665599882750e-04	-2.521285009531e+05	6.623337107355e-09	1.400053100456e-04	7.770276150945e-09	1.265402846161e-04
495	9.975184130278e-01	2.481586972230e-03	7.641680738766e+05	6.204160954146e-08	1.303797589852e-03	7.279366295853e-08	1.177654547105e-03
496	9.907829821973e-01	9.217017802679e-03	-1.495918293977e+06	2.282737003484e-07	4.807961755454e-03	2.678225986628e-07	4.408559950926e-03
497	9.996849414468e-01	3.150585531886e-04	-2.741288269648e+05	7.829044395441e-09	1.654338103758e-04	9.184835906376e-09	1.496077289325e-04
498	9.891340691237e-01	1.086593087630e-02	-1.626123288026e+06	2.689678912458e-07	5.664762828805e-03	3.155675186953e-07	5.200583512087e-03
499	9.938286375527e-01	6.171362447344e-03	-1.221186751437e+06	1.530087135017e-07	3.223216686323e-03	1.795171958926e-07	2.947813235111e-03
