# MonteCarloResult saved 2026-02-10T12:41:07.078836
# n_shots = 500
# mean_fidelity = 9.950115466398e-01
# std_fidelity = 4.571667332248e-03
# mean_infidelity = 4.988453360229e-03
# std_infidelity = 4.571667332248e-03
# mean_branch_XYZ = 7.646805334396e-08
# std_branch_XYZ = 1.187430521585e-07
# mean_branch_AL = 1.617391735196e-03
# std_branch_AL = 2.501039889550e-03
# mean_branch_LG = 8.982961257865e-08
# std_branch_LG = 1.394686535817e-07
# mean_branch_phase = 3.370895327368e-03
# std_branch_phase = 2.135225938948e-03
# columns: shot fidelity infidelity detuning_sample distance_sample branch_XYZ branch_AL branch_LG branch_phase
0	9.921579111308e-01	7.842088869241e-03	1.181082733747e+06	2.956090823931e+00	1.724558914295e-07	3.638748066945e-03	2.026685964421e-07	4.202965677808e-03
1	9.950517135927e-01	4.948286407268e-03	-8.322302721864e+05	3.012466543461e+00	5.685437320133e-08	1.204656215650e-03	6.670724521072e-08	3.743506630000e-03
2	9.966425113456e-01	3.357488654378e-03	5.792686041259e+05	2.990150294039e+00	4.779333804453e-08	1.013149175642e-03	5.621537144238e-08	2.344235470027e-03
3	9.956754994508e-01	4.324500549201e-03	-7.418775338798e+05	2.917226613539e+00	4.371192169303e-08	9.277226907923e-04	5.128105302400e-08	3.396682865434e-03
4	9.921955514594e-01	7.804448540592e-03	1.178940394858e+06	3.002150829666e+00	1.715862566727e-07	3.620445305566e-03	2.016479336265e-07	4.183630000836e-03
5	9.851440172608e-01	1.485598273923e-02	1.745392716144e+06	3.012040782131e+00	3.599925140437e-07	7.588495383906e-03	4.229440174909e-07	7.266704418792e-03
6	9.973190509054e-01	2.680949094622e-03	4.141720989662e+05	2.923746686496e+00	2.743824509484e-08	5.844219474693e-04	3.229334738616e-08	2.096467415560e-03
7	9.965619329271e-01	3.438067072880e-03	-5.811148465286e+05	2.955531218312e+00	2.501424180266e-08	5.337691730715e-04	2.934085665942e-08	2.904243544710e-03
8	9.978086763294e-01	2.191323670562e-03	2.267628419908e+05	2.715591350602e+00	1.142926815373e-08	2.472168362681e-04	1.347076994845e-08	1.944081934256e-03
9	9.826729711988e-01	1.732702880119e-02	-1.921598690307e+06	3.100861889903e+00	3.384543242373e-07	7.138031606228e-03	3.973097866172e-07	1.018826143085e-02
10	9.948592019974e-01	5.140798002641e-03	8.732977798540e+05	3.036092560475e+00	9.860091062071e-08	2.083261569796e-03	1.159108330884e-07	3.057321921101e-03
11	9.950700991975e-01	4.929900802532e-03	8.501226440095e+05	3.188086126923e+00	9.300914386876e-08	1.965543078132e-03	1.093450992868e-07	2.964155370157e-03
12	9.971612389174e-01	2.838761082550e-03	-4.328013179813e+05	3.140829794499e+00	1.260326412864e-08	2.723143038326e-04	1.478538249201e-08	2.566419390071e-03
13	9.918537251059e-01	8.146274894063e-03	1.205542931914e+06	2.772041468844e+00	1.801450631834e-07	3.800646513987e-03	2.116978934446e-07	4.345236537120e-03
14	9.977326464310e-01	2.267353569010e-03	2.660993845610e+05	2.840510759924e+00	1.406916421232e-08	3.028387826041e-04	1.657662080088e-08	1.964484140621e-03
15	9.935466127478e-01	6.453387252177e-03	-1.033201997367e+06	2.825704490775e+00	9.060732632504e-08	1.915779942856e-03	1.063219185405e-07	4.537410380075e-03
16	9.965335632659e-01	3.466436734078e-03	-5.839109070878e+05	3.018298220079e+00	2.542584201343e-08	5.424585460269e-04	2.982503383213e-08	2.923922937175e-03
17	9.936045801498e-01	6.395419850169e-03	1.035137268517e+06	3.173055571899e+00	1.336753403468e-07	2.822037684465e-03	1.571181536800e-07	3.573091372210e-03
18	9.962612934061e-01	3.738706593912e-03	6.556613476267e+05	3.064341939354e+00	5.895357017713e-08	1.248226158451e-03	6.933040605717e-08	2.490352151485e-03
19	9.979921414784e-01	2.007858521577e-03	3.378611359665e+04	3.317621869311e+00	1.573049381541e-09	3.985421714524e-05	1.886727837219e-09	1.968000844654e-03
20	9.932372031856e-01	6.762796814435e-03	1.077577130382e+06	3.196106841007e+00	1.438424740789e-07	3.036185316322e-03	1.690622199647e-07	3.726298593419e-03
21	9.968424737382e-01	3.157526261761e-03	-5.094666561350e+05	3.162156565548e+00	1.873080830993e-08	4.014362476038e-04	2.197359224392e-08	2.756049309757e-03
22	9.979577617166e-01	2.042238283403e-03	-1.006036649465e+05	3.076210999883e+00	2.916612602292e-10	1.281289696632e-05	3.616156520320e-10	2.029424733159e-03
23	9.976441179920e-01	2.355882008019e-03	3.063290763683e+05	2.965567967668e+00	1.703222740072e-08	3.652732034152e-04	2.006242502503e-08	1.990571709951e-03
24	9.978091824444e-01	2.190817555584e-03	2.324852070197e+05	3.030644999728e+00	1.127458558929e-08	2.440353587734e-04	1.329426418237e-08	1.946757627961e-03
25	9.957029621629e-01	4.297037837079e-03	-7.248757425536e+05	3.164138846162e+00	4.225279174240e-08	8.970495076468e-04	4.957407706100e-08	3.399896502563e-03
26	9.978068060889e-01	2.193193911113e-03	2.362370030928e+05	3.199509567608e+00	1.112337682279e-08	2.409095967177e-04	1.312066362460e-08	1.952260070355e-03
27	9.956640451020e-01	4.335954897984e-03	-7.315310248874e+05	3.158284080510e+00	4.310582709175e-08	9.150217064649e-04	5.057501647268e-08	3.420839510675e-03
28	9.925194077703e-01	7.480592229659e-03	-1.144295605866e+06	2.910133899997e+00	1.133399940136e-07	2.394768591833e-03	1.330085135160e-07	5.085577289319e-03
29	9.977192665289e-01	2.280733471091e-03	2.755693521026e+05	2.999655249371e+00	1.447350573596e-08	3.113951511289e-04	1.705492368206e-08	1.969306791533e-03
30	9.980180447214e-01	1.981955278626e-03	-7.255336929396e+03	2.925492229049e+00	1.122928974191e-09	3.024530137824e-05	1.345200100393e-09	1.951707509119e-03
31	9.940400097005e-01	5.959990299516e-03	9.746284221525e+05	2.931700812279e+00	1.210508299342e-07	2.556066062742e-03	1.422825357555e-07	3.403660903408e-03
32	9.978910611848e-01	2.108938815224e-03	1.834109478456e+05	3.058913732021e+00	8.136986607164e-09	1.779692638557e-04	9.604943595063e-09	1.930951809438e-03
33	9.979403540813e-01	2.059645918707e-03	-1.311146404447e+05	2.888636833207e+00	5.041010850236e-10	1.724533847111e-05	6.045503401775e-10	2.042399471585e-03
34	9.745241043038e-01	2.547589569621e-02	-2.390149252067e+06	3.153499682594e+00	5.281807301875e-07	1.113581136858e-02	6.200877940993e-07	1.433893605910e-02
35	9.904493986345e-01	9.550601365514e-03	-1.337780267761e+06	3.096312837245e+00	1.593308826255e-07	3.363837004706e-03	1.870033611878e-07	6.186418026564e-03
36	9.967626636933e-01	3.237336306747e-03	-5.377836944354e+05	2.977390579132e+00	2.088242814373e-08	4.467151872486e-04	2.449361591308e-08	2.790575743455e-03
37	9.950060700448e-01	4.993929955194e-03	8.488390486379e+05	2.908327727552e+00	9.426167445360e-08	1.991832750763e-03	1.108106235900e-07	3.001892132133e-03
38	9.975125105893e-01	2.487489410726e-03	-3.356384249920e+05	3.005195501563e+00	6.501578691307e-09	1.436946688022e-04	7.627545844991e-09	2.343780612799e-03
39	9.940496137847e-01	5.950386215253e-03	9.684391474287e+05	2.752807544025e+00	1.204168969509e-07	2.542669615817e-03	1.415351293835e-07	3.407454647410e-03
40	9.980184208938e-01	1.981579106211e-03	2.524676251787e+04	2.893725546118e+00	1.849402996037e-09	4.552878617942e-05	2.201352415323e-09	1.936046269276e-03
41	9.887525578691e-01	1.124744213088e-02	1.477902979594e+06	2.846915421786e+00	2.634474931940e-07	5.555122938344e-03	3.095462821380e-07	5.691746198765e-03
42	9.962862879918e-01	3.713712008180e-03	6.505518911192e+05	3.049277681061e+00	5.821551240632e-08	1.232676204287e-03	6.846287284817e-08	2.480909125507e-03
43	9.904172695263e-01	9.582730473658e-03	-1.345514876327e+06	2.994833218148e+00	1.605896583460e-07	3.390331521274e-03	1.884788996046e-07	6.192049883826e-03
44	9.979950213696e-01	2.004978630430e-03	-4.983630915038e+04	3.086081419002e+00	4.392440086667e-10	1.590664007230e-05	5.406046712561e-10	1.989071010509e-03
45	9.917423894356e-01	8.257610564362e-03	-1.204491287190e+06	3.273142051604e+00	1.288893768631e-07	2.722498571053e-03	1.512710099732e-07	5.534831832922e-03
46	9.905076259653e-01	9.492374034687e-03	-1.340947395245e+06	2.904359314239e+00	1.589220981251e-07	3.355175696446e-03	1.865194487361e-07	6.136852896693e-03
47	9.944913346559e-01	5.508665344098e-03	9.198969445285e+05	2.978437613158e+00	1.086989603478e-07	2.295929065636e-03	1.277728434913e-07	3.212499806659e-03
48	9.969850011037e-01	3.014998896300e-03	-4.914812718325e+05	2.865359207474e+00	1.668980843718e-08	3.583456031888e-04	1.957315718399e-08	2.656617030146e-03
49	9.913595739410e-01	8.640426058984e-03	1.259242834642e+06	2.990438246958e+00	1.941491633876e-07	4.095650883965e-03	2.281511455440e-07	4.544352874710e-03
50	9.946261237659e-01	5.373876234113e-03	-8.954692405659e+05	2.910263370439e+00	6.647935451644e-08	1.407426253596e-03	7.800218463903e-08	3.966305498978e-03
51	9.957449790852e-01	4.255020914827e-03	7.449940314908e+05	3.093653172481e+00	7.378199273448e-08	1.560549201321e-03	8.675354874173e-08	2.694311177965e-03
52	9.959516538250e-01	4.048346175018e-03	-6.997562606493e+05	2.816315189913e+00	3.807624002406e-08	8.089565648072e-04	4.466569482768e-08	3.239306868276e-03
53	9.917412037819e-01	8.258796218140e-03	1.218988803707e+06	2.865484975936e+00	1.834402976440e-07	3.870073138599e-03	2.155699674780e-07	4.388324069276e-03
54	9.926693853399e-01	7.330614660125e-03	1.136277314904e+06	3.145710112591e+00	1.592005924235e-07	3.359631801980e-03	1.871019699947e-07	3.970636555582e-03
55	9.979962239674e-01	2.003776032595e-03	-6.784330498340e+04	2.899989899003e+00	4.287988607969e-10	1.563863651429e-05	5.231210976608e-10	1.988136444161e-03
56	9.967507162052e-01	3.249283794845e-03	5.577125764025e+05	3.029442186044e+00	4.463596700128e-08	9.466612980059e-04	5.250603111806e-08	2.302525354841e-03
57	9.980090831165e-01	1.990916883475e-03	4.926132245283e+04	3.033278772336e+00	2.354347579147e-09	5.619621502145e-05	2.799248013835e-09	1.934715514858e-03
58	9.979531597650e-01	2.046840235002e-03	-1.080008541472e+05	3.047559423065e+00	3.242072549888e-10	1.349191052601e-05	3.984756188723e-10	2.033347601793e-03
59	9.872354492913e-01	1.276455070870e-02	1.600597406671e+06	3.056512404652e+00	3.047993062942e-07	6.426095624751e-03	3.581196015301e-07	6.337792165039e-03
60	9.980033535801e-01	1.996646419895e-03	6.781122940486e+04	2.954807665071e+00	3.032697322570e-09	7.045609840162e-05	3.596485131532e-09	1.926183692311e-03
61	9.970592105508e-01	2.940789449157e-03	4.880204243692e+05	3.073644610274e+00	3.543263248225e-08	7.528382158418e-04	4.169181313261e-08	2.187874108869e-03
62	9.978510772149e-01	2.148922785148e-03	-1.936180497769e+05	2.895605251346e+00	1.391296999335e-09	3.595956902908e-05	1.639782609797e-09	2.112960185040e-03
63	9.952465360957e-01	4.753463904315e-03	8.202315278124e+05	3.072456219726e+00	8.783248136907e-08	1.856470987085e-03	1.032605797480e-07	2.896801824169e-03
64	9.966985071433e-01	3.301492856692e-03	-5.471266133865e+05	3.066364647099e+00	2.192909161026e-08	4.687944033550e-04	2.572343717608e-08	2.832650800808e-03
65	9.920733706083e-01	7.926629391673e-03	-1.184210883948e+06	3.057186749106e+00	1.227601334556e-07	2.593284885350e-03	1.440698939930e-07	5.333077676295e-03
66	9.973943673957e-01	2.605632604306e-03	-3.776436217959e+05	2.935836968195e+00	8.743556919722e-09	1.909212653196e-04	1.025471848155e-08	2.414692340711e-03
67	9.908233737494e-01	9.176626250590e-03	1.304813289720e+06	2.884006250624e+00	2.082061885266e-07	4.391682513144e-03	2.446610147836e-07	4.784490870243e-03
68	9.968883651965e-01	3.111634803542e-03	-5.098712785448e+05	2.970163550330e+00	1.838404152143e-08	3.940700426286e-04	2.156247053711e-08	2.717524814402e-03
69	9.977061283442e-01	2.293871655773e-03	2.787610852984e+05	2.883847783472e+00	1.496648185399e-08	3.217466818337e-04	1.763233036186e-08	1.972092375127e-03
70	9.975715572343e-01	2.428442765728e-03	-3.147642806138e+05	3.003265105793e+00	5.488262097617e-09	1.223398566927e-04	6.439765641736e-09	2.306090981007e-03
71	9.972847130380e-01	2.715286962015e-03	-4.076714633971e+05	2.989772860003e+00	1.066474297734e-08	2.314196346601e-04	1.250855363024e-08	2.483844154058e-03
72	9.971940478075e-01	2.805952192499e-03	4.493323030206e+05	2.939406934003e+00	3.129109436223e-08	6.655718787029e-04	3.682183418062e-08	2.140312200867e-03
73	9.966904050564e-01	3.309594943575e-03	-5.563084567359e+05	2.910135461251e+00	2.250225421105e-08	4.808290701273e-04	2.639279184657e-08	2.828716978401e-03
74	9.979224964221e-01	2.077503577902e-03	-1.404086313425e+05	2.977536423846e+00	5.653062105588e-10	1.856161247437e-05	6.768408552914e-10	2.058940723280e-03
75	9.944443542404e-01	5.555645759603e-03	9.235294263004e+05	2.904405466605e+00	1.098425178040e-07	2.319992289345e-03	1.291149402467e-07	3.235414512801e-03
76	9.978974093633e-01	2.102590636696e-03	1.758343344954e+05	2.826853261184e+00	8.093270052664e-09	1.769861711602e-04	9.549053262508e-09	1.925586823212e-03
77	9.977335182912e-01	2.266481708785e-03	-2.408794041488e+05	3.118732453494e+00	2.677068709088e-09	6.312917340532e-05	3.148671690493e-09	2.203346709639e-03
78	9.942706583053e-01	5.729341694741e-03	-9.357014045504e+05	3.052211294436e+00	7.377757628007e-08	1.561234845165e-03	8.657131929065e-08	4.167946500680e-03
79	9.918844890067e-01	8.115510993271e-03	1.204018936788e+06	2.826981034681e+00	1.794624913594e-07	3.786283357622e-03	2.108968587918e-07	4.328837276298e-03
80	9.971236885979e-01	2.876311402093e-03	-4.522600097555e+05	2.973617455018e+00	1.376165367191e-08	2.966719025828e-04	1.614036508176e-08	2.579609597491e-03
81	9.958144998358e-01	4.185500164183e-03	-7.074815047991e+05	3.149862602137e+00	3.995139606342e-08	8.485548134125e-04	4.687291049525e-08	3.336858526464e-03
82	9.960909367675e-01	3.909063232455e-03	6.817813538621e+05	2.934604385836e+00	6.370291904194e-08	1.348217306776e-03	7.490814210557e-08	2.560707314618e-03
83	9.969537847457e-01	3.046215254272e-03	5.120329982093e+05	3.028414941525e+00	3.859325174498e-08	8.193920633589e-04	4.540509093116e-08	2.226739192570e-03
84	9.832743613542e-01	1.672563864582e-02	1.872147879362e+06	3.144643770794e+00	4.103178742779e-07	8.648419830731e-03	4.820531779194e-07	8.076326444041e-03
85	9.962782006588e-01	3.721799341172e-03	6.482699324872e+05	2.932880042912e+00	5.832469141520e-08	1.234941781832e-03	6.858886084468e-08	2.486730645788e-03
86	9.939410800854e-01	6.058919914595e-03	-9.825298672042e+05	2.924473900638e+00	8.153608563854e-08	1.724671408926e-03	9.567556967884e-08	4.334071294014e-03
87	9.960282582953e-01	3.971741704705e-03	-6.781525449637e+05	3.023667029779e+00	3.591064586676e-08	7.633768910563e-04	4.212807991511e-08	3.208286774923e-03
88	9.973281853273e-01	2.671814672681e-03	-3.963061487926e+05	2.964202351149e+00	9.907734594761e-09	2.154607001431e-04	1.162033437740e-08	2.456332444469e-03
89	9.978462076674e-01	2.153792332624e-03	2.093074630522e+05	2.892284865679e+00	1.001212603049e-08	2.174105792006e-04	1.180694214378e-08	1.936359934356e-03
90	9.954479309995e-01	4.552069000513e-03	-7.752772731600e+05	2.973574266507e+00	4.842507105117e-08	1.027041591272e-03	5.681343094844e-08	3.524922170740e-03
91	9.968239096397e-01	3.176090360278e-03	-5.233494763233e+05	2.995282398235e+00	1.960790630740e-08	4.198646925157e-04	2.299872863825e-08	2.756183061127e-03
92	9.979399045219e-01	2.060095478084e-03	1.452024614471e+05	3.078057537154e+00	6.060755816665e-09	1.342526081624e-04	7.163019068068e-09	1.925829646147e-03
93	9.974764600167e-01	2.523539983253e-03	-3.342837133669e+05	3.204680845161e+00	6.644625996703e-09	1.467759610861e-04	7.799905291719e-09	2.376749577636e-03
94	9.915105025067e-01	8.489497493296e-03	1.254949168251e+06	3.225147918861e+00	1.910281901163e-07	4.030001537154e-03	2.244904759560e-07	4.459080437476e-03
95	9.979020381300e-01	2.097961869982e-03	1.735882571523e+05	2.890531922253e+00	7.872580876498e-09	1.723534907844e-04	9.290535620123e-09	1.925591216081e-03
96	9.980116711146e-01	1.988328885352e-03	3.845177777293e+04	3.042172495964e+00	2.039062981224e-09	4.956142241508e-05	2.427998775809e-09	1.938762995875e-03
97	9.966394704904e-01	3.360529509627e-03	5.812728214939e+05	3.032899093350e+00	4.791541926318e-08	1.015733711421e-03	5.635970053963e-08	2.344691523086e-03
98	9.980087912687e-01	1.991208731308e-03	4.709497041009e+04	3.060364814376e+00	2.258609428282e-09	5.418904801679e-05	2.687099703373e-09	1.937014737582e-03
99	9.927925502412e-01	7.207449758804e-03	1.118287121079e+06	3.019478482395e+00	1.554215713404e-07	3.279995553088e-03	1.826600528819e-07	3.927116124092e-03
100	9.909530680903e-01	9.046931909725e-03	-1.297722162812e+06	2.960900788023e+00	1.485557852846e-07	3.136770951007e-03	1.743506547204e-07	5.909838052278e-03
101	9.979328357728e-01	2.067164227187e-03	1.505963367586e+05	2.931183983374e+00	6.575742763257e-09	1.450552799403e-04	7.765758478241e-09	1.922094605745e-03
102	9.960973257877e-01	3.902674212293e-03	-6.713855656523e+05	2.901084445653e+00	3.480392704782e-08	7.400270312833e-04	4.082702368112e-08	3.162571550059e-03
103	9.891761897081e-01	1.082381029189e-02	1.447776923194e+06	2.965005169041e+00	2.526311434523e-07	5.327349668024e-03	2.968436489918e-07	5.495911149077e-03
104	9.975011946935e-01	2.498805306529e-03	-3.360849915365e+05	3.064250453246e+00	6.576539956227e-09	1.452924660249e-04	7.716644225375e-09	2.353498547320e-03
105	9.964591949456e-01	3.540805054448e-03	-6.003461229106e+05	2.984636482764e+00	2.704772142052e-08	5.766229664524e-04	3.172734503466e-08	2.964123312929e-03
106	9.949484960778e-01	5.051503922178e-03	-8.460293452311e+05	3.030362783673e+00	5.903091059536e-08	1.250519817807e-03	6.926218979969e-08	3.800855811271e-03
107	9.978662825458e-01	2.133717454151e-03	-1.832355740006e+05	2.917586634197e+00	1.186605449866e-09	3.164928686083e-05	1.400859549285e-09	2.102065579826e-03
108	9.967821260893e-01	3.217873910713e-03	5.486496213590e+05	2.956903775825e+00	4.365905187619e-08	9.260649704082e-04	5.135661143082e-08	2.291713924642e-03
109	9.967859903737e-01	3.214009626253e-03	-5.286226890107e+05	3.056740519699e+00	2.019868435192e-08	4.323306537500e-04	2.369310209313e-08	2.781635080716e-03
110	9.974136274392e-01	2.586372560752e-03	-3.619458522648e+05	3.109552121893e+00	8.018573698734e-09	1.756946318564e-04	9.408248928918e-09	2.410660502073e-03
111	9.979709343457e-01	2.029065654304e-03	1.128402511025e+05	3.104007597036e+00	4.532895862309e-09	1.020884709844e-04	5.365841471820e-09	1.926967284583e-03
112	9.946834375040e-01	5.316562496047e-03	8.928948798554e+05	2.918257721896e+00	1.032508645199e-07	2.181164199685e-03	1.213713712723e-07	3.135173674126e-03
113	9.961225687463e-01	3.877431253679e-03	-6.663384475187e+05	2.915237928388e+00	3.423768164810e-08	7.280996262827e-04	4.016280021471e-08	3.149257226915e-03
114	9.964682230734e-01	3.531776926595e-03	-5.978085242893e+05	3.000676559280e+00	2.681729065561e-08	5.717721531141e-04	3.145729231067e-08	2.959946498898e-03
115	9.978307163946e-01	2.169283605364e-03	2.201180300056e+05	3.000118765050e+00	1.051222132730e-08	2.279712535769e-04	1.239711593113e-08	1.941289442450e-03
116	9.960543217592e-01	3.945678240768e-03	-6.762117425476e+05	2.967644161704e+00	3.553187308762e-08	7.553815557757e-04	4.168246675220e-08	3.190219470652e-03
117	9.978578670213e-01	2.142132978668e-03	-1.859485185169e+05	2.961993226737e+00	1.237761671676e-09	3.273975073549e-05	1.461358533086e-09	2.109390528812e-03
118	9.699361100099e-01	3.006388999013e-02	2.565865356283e+06	2.919167046400e+00	7.574122547194e-07	1.595807127929e-02	8.896799490284e-07	1.410417161863e-02
119	9.980058989315e-01	1.994101068481e-03	-3.492055728790e+04	3.030650421979e+00	6.284087271280e-10	1.986821541863e-05	7.632789008477e-10	1.974231461375e-03
120	9.966405264524e-01	3.359473547631e-03	5.856420950308e+05	3.163943934708e+00	4.796924084473e-08	1.016912296406e-03	5.642602219856e-08	2.342456855962e-03
121	9.842101884626e-01	1.578981153741e-02	-1.817327499824e+06	3.154451512589e+00	3.023977159131e-07	6.378309189307e-03	3.549755087915e-07	9.410844974874e-03
122	9.955507602094e-01	4.449239790582e-03	7.707754407999e+05	2.957634587750e+00	7.907497040577e-08	1.671985898800e-03	9.296938302658e-08	2.777081847428e-03
123	9.964904192657e-01	3.509580734304e-03	-5.989481958167e+05	2.869796920962e+00	2.668315602530e-08	5.689137065359e-04	3.129752545167e-08	2.940609047086e-03
124	9.866458135841e-01	1.335418641592e-02	-1.650820527476e+06	3.037659870341e+00	2.468650951502e-07	5.208179203134e-03	2.897711397559e-07	8.145470576553e-03
125	9.921358500637e-01	7.864149936314e-03	-1.183685512196e+06	2.922725781606e+00	1.219323803786e-07	2.575811653791e-03	1.430954219055e-07	5.288073254720e-03
126	9.914898858718e-01	8.510114128209e-03	1.251288482228e+06	3.100979111620e+00	1.910560459346e-07	4.030541065789e-03	2.245201334468e-07	4.479157486242e-03
127	9.979953122498e-01	2.004687750201e-03	-5.301267701143e+04	3.059894632235e+00	4.313761283364e-10	1.573349388659e-05	5.305003827634e-10	1.988953294438e-03
128	9.887249948624e-01	1.127500513765e-02	-1.483835662324e+06	3.137000156541e+00	1.984510678894e-07	4.188112956943e-03	2.329321624320e-07	7.086460797472e-03
129	9.923249254688e-01	7.675074531201e-03	1.162590560964e+06	2.902683876275e+00	1.677687673087e-07	3.540015271567e-03	1.971618869180e-07	4.134694328980e-03
130	9.973886160003e-01	2.611383999672e-03	-3.705940922528e+05	3.097231916290e+00	8.500571044203e-09	1.858476213632e-04	9.973099530832e-09	2.425517904639e-03
131	9.965600271142e-01	3.439972885819e-03	5.981721775935e+05	3.054742296762e+00	5.026114655254e-08	1.065146372353e-03	5.911652230689e-08	2.374717135798e-03
132	9.971778988570e-01	2.822101142974e-03	4.556869624393e+05	3.011076609709e+00	3.180516923601e-08	6.764193766137e-04	3.742739674626e-08	2.145612533795e-03
133	9.966512011345e-01	3.348798865536e-03	-5.618264302594e+05	2.974223108598e+00	2.314560269750e-08	4.944007117408e-04	2.714877300778e-08	2.854347859420e-03
134	9.965906287212e-01	3.409371278751e-03	5.848988518282e+05	2.815179534608e+00	4.916539859779e-08	1.042001851599e-03	5.782461014869e-08	2.367262437144e-03
135	9.978709345708e-01	2.129065429163e-03	-1.740026214596e+05	3.021012469843e+00	1.018598195175e-09	2.813562697209e-05	1.206310554771e-09	2.100927577282e-03
136	9.973966398347e-01	2.603360165302e-03	-3.729202842016e+05	3.016284753486e+00	8.543806818211e-09	1.867337767827e-04	1.002203543066e-08	2.416607822677e-03
137	9.974524548489e-01	2.547545151137e-03	-3.556662217731e+05	3.006865252027e+00	7.558473261145e-09	1.659677311378e-04	8.866584418907e-09	2.381560994941e-03
138	9.975229698643e-01	2.477030135713e-03	-3.355397122273e+05	2.935621750185e+00	6.444377112496e-09	1.424705437836e-04	7.559193567473e-09	2.334545588359e-03
139	9.980083119487e-01	1.991688051339e-03	-4.532866271614e+04	2.898539937702e+00	6.056146368658e-10	1.935471406049e-05	7.331732197721e-10	1.972331998491e-03
140	9.966439155178e-01	3.356084482220e-03	5.793870446428e+05	3.003044640096e+00	4.776218748664e-08	1.012496818930e-03	5.617902513350e-08	2.343483722077e-03
141	9.978471675714e-01	2.152832428576e-03	2.120080579252e+05	3.093926319562e+00	9.791378810865e-09	2.128198884487e-04	1.155152006798e-08	1.939991197228e-03
142	9.934725412133e-01	6.527458786730e-03	1.039563398837e+06	2.885816459728e+00	1.365021143929e-07	2.881485293520e-03	1.604329471590e-07	3.645676558148e-03
143	9.977807167590e-01	2.219283241043e-03	-2.012757005174e+05	3.285861446309e+00	1.651262787248e-09	4.157157036960e-05	1.952372941109e-09	2.177708067037e-03
144	9.980027272168e-01	1.997272783150e-03	6.972024543745e+04	2.928879965958e+00	3.127884797064e-09	7.245348038618e-05	3.708056909873e-09	1.924812466822e-03
145	9.978305723834e-01	2.169427616566e-03	2.176594411345e+05	2.862251240569e+00	1.060244521803e-08	2.298350749679e-04	1.250063835033e-08	1.939569438514e-03
146	9.978251478015e-01	2.174852198513e-03	-2.098424511905e+05	2.866345487080e+00	1.752855824084e-09	4.357501904596e-05	2.062199143928e-09	2.131273364412e-03
147	9.977259430146e-01	2.274056985431e-03	-2.591741785822e+05	2.863335218284e+00	3.186571097795e-09	7.379523996818e-05	3.740516505846e-09	2.200254818375e-03
148	9.980123690490e-01	1.987630950993e-03	2.445174791944e+04	3.076279449095e+00	1.643792057431e-09	4.125096736152e-05	1.962970679799e-09	1.946376376869e-03
149	9.974628822132e-01	2.537117786762e-03	-3.523217854966e+05	3.005580703234e+00	7.375309124119e-09	1.621071821120e-04	8.651823010564e-09	2.374994577518e-03
150	9.979509064019e-01	2.049093598119e-03	-1.206397329225e+05	2.906246372768e+00	4.295508055452e-10	1.567544606802e-05	5.183979611227e-10	2.033417204102e-03
151	9.911368633617e-01	8.863136638347e-03	-1.277659724490e+06	3.024620556230e+00	1.440927546850e-07	3.042751900521e-03	1.691124938445e-07	5.820071532577e-03
152	9.980036194287e-01	1.996380571312e-03	6.100734394970e+04	3.071129841824e+00	2.664968969393e-09	6.274769583437e-05	3.166024536239e-09	1.933627044485e-03
153	9.946661977791e-01	5.333802220913e-03	-8.852345601859e+05	3.023615765202e+00	6.521323189353e-08	1.380778156350e-03	7.651830443895e-08	3.952882333026e-03
154	9.909037387337e-01	9.096261266252e-03	1.298840318830e+06	2.924055335776e+00	2.061849162622e-07	4.349121819724e-03	2.422874461263e-07	4.746690974165e-03
155	9.979651308644e-01	2.034869135572e-03	-1.037231626324e+05	2.949412207238e+00	3.483416552462e-10	1.396987096199e-05	4.255381755621e-10	2.020898490730e-03
156	9.901476055452e-01	9.852394454816e-03	-1.372156035450e+06	2.933567222662e+00	1.670099059272e-07	3.525592434840e-03	1.960150476619e-07	6.326438995022e-03
157	9.980052487339e-01	1.994751266094e-03	-3.718772868174e+04	3.026397736362e+00	6.055147975465e-10	1.938544721440e-05	7.360699853144e-10	1.975364477294e-03
158	9.965160191991e-01	3.483980800903e-03	-5.942344635347e+05	2.859162839471e+00	2.617822587386e-08	5.582718548421e-04	3.070490325546e-08	2.925652062932e-03
159	9.977129622417e-01	2.287037758260e-03	2.820917204067e+05	3.175633382147e+00	1.452506557246e-08	3.125400690339e-04	1.711972044606e-08	1.974466044440e-03
160	9.965625805454e-01	3.437419454640e-03	-5.772461209842e+05	3.033723087475e+00	2.478742701345e-08	5.290113025486e-04	2.907630407225e-08	2.908354288360e-03
161	9.961371593598e-01	3.862840640210e-03	-6.611311942101e+05	2.976396555398e+00	3.376644191398e-08	7.181857833051e-04	3.961095422424e-08	3.144581479509e-03
162	9.958380781943e-01	4.161921805677e-03	-7.108089678536e+05	3.018814307731e+00	3.994487044776e-08	8.483770976116e-04	4.686218504310e-08	3.313457901010e-03
163	9.949855397515e-01	5.014460248546e-03	-8.383342954456e+05	3.078809676655e+00	5.803514849460e-08	1.229553706050e-03	6.809456692279e-08	3.784780412781e-03
164	9.965294314083e-01	3.470568591737e-03	-5.841125048615e+05	3.030762968926e+00	2.547402410814e-08	5.434773250495e-04	2.988182942517e-08	2.927035910834e-03
165	9.945721827874e-01	5.427817212638e-03	9.052893433066e+05	2.843920525699e+00	1.061903135893e-07	2.243054655999e-03	1.248234172608e-07	3.184531542908e-03
166	9.970647160768e-01	2.935283923201e-03	-4.640337894221e+05	3.037901035342e+00	1.474868717793e-08	3.174884696708e-04	1.729939746443e-08	2.617763405446e-03
167	9.976710867186e-01	2.328913281444e-03	2.957616217121e+05	2.980182064606e+00	1.612312448714e-08	3.461316685442e-04	1.899394432680e-08	1.982746495831e-03
168	9.962592441036e-01	3.740755896360e-03	6.659057767255e+05	3.315090060209e+00	5.921893130565e-08	1.253915159577e-03	6.964895751244e-08	2.486711868894e-03
169	9.978927276981e-01	2.107272301853e-03	1.798459439799e+05	2.877400352867e+00	8.248744030162e-09	1.802720048669e-04	9.732758704585e-09	1.926982315483e-03
170	9.965276383649e-01	3.472361635087e-03	6.056521719282e+05	3.084107985459e+00	5.123209989961e-08	1.085604511864e-03	6.025808608753e-08	2.386645633038e-03
171	9.980132876835e-01	1.986712316504e-03	2.274444891636e+04	3.060209642437e+00	1.620824377134e-09	4.076246871983e-05	1.935496494704e-09	1.945946291463e-03
172	9.958260163343e-01	4.173983665673e-03	-7.141185615170e+05	2.991260953919e+00	4.028892445167e-08	8.556174375559e-04	4.726536319210e-08	3.318278673830e-03
173	9.960560062538e-01	3.943993746233e-03	6.936546001113e+05	3.105934514435e+00	6.491228019565e-08	1.373740718492e-03	7.633261649565e-08	2.570111782845e-03
174	9.980005649017e-01	1.999435098258e-03	-4.142366857176e+04	3.068700345155e+00	5.291037723594e-10	1.779082851861e-05	6.466899627181e-10	1.981643093945e-03
175	9.975830255481e-01	2.416974451881e-03	3.309067766627e+05	3.014775954124e+00	1.903656163913e-08	4.074999158077e-04	2.241964862616e-08	2.009433079863e-03
176	9.922644063739e-01	7.735593626084e-03	1.177330018760e+06	3.135644449719e+00	1.701919505948e-07	3.591123273169e-03	2.000129645577e-07	4.144100148000e-03
177	9.916970615891e-01	8.302938410902e-03	1.231004631596e+06	3.087113904335e+00	1.853960841402e-07	3.911329054797e-03	2.178714275449e-07	4.391206088593e-03
178	9.980010162336e-01	1.998983766447e-03	-5.631845569416e+04	2.939378160147e+00	4.822278212958e-10	1.677024844461e-05	5.877218859005e-10	1.982212448053e-03
179	9.971532300469e-01	2.846769953055e-03	4.602758233264e+05	2.945868174335e+00	3.253821175681e-08	6.918400979709e-04	3.828762497326e-08	2.154859029247e-03
180	9.964219790556e-01	3.578020944398e-03	-6.020222738183e+05	3.092653440684e+00	2.748195153918e-08	5.858039779941e-04	3.223918296138e-08	2.992157245269e-03
181	9.722526000336e-01	2.774739996645e-02	2.463601010347e+06	3.059921061820e+00	6.984723729069e-07	1.471688782144e-02	8.204653172393e-07	1.302899320731e-02
182	9.927154391847e-01	7.284560815303e-03	1.127716304449e+06	3.054489507825e+00	1.576335235367e-07	3.326595745073e-03	1.852591236202e-07	3.957622177583e-03
183	9.936699207793e-01	6.330079220687e-03	1.017894365200e+06	2.915474660317e+00	1.311727983039e-07	2.769247103509e-03	1.541729530393e-07	3.560546771427e-03
184	9.879234399616e-01	1.207656003837e-02	-1.559202579434e+06	2.890130029950e+00	2.181634262657e-07	4.603394263358e-03	2.560702606226e-07	7.472691541321e-03
185	9.978903824026e-01	2.109617597365e-03	-1.507488741586e+05	3.143305597696e+00	6.623588332611e-10	2.066341643331e-05	7.929544648311e-10	2.088952725619e-03
186	9.920090276160e-01	7.990972384027e-03	-1.198587083201e+06	2.867657244781e+00	1.249923490455e-07	2.640273507308e-03	1.466866439722e-07	5.350427197726e-03
187	9.972373181977e-01	2.762681802317e-03	4.380113489267e+05	2.953269318136e+00	2.996905486228e-08	6.377311801272e-04	3.526834787673e-08	2.124885384787e-03
188	9.979799801701e-01	2.020019829870e-03	1.038525712806e+05	2.919487448482e+00	4.428755198122e-09	9.984188163220e-05	5.239251138481e-09	1.920168280232e-03
189	9.979688887023e-01	2.031111297748e-03	1.145414762071e+05	3.132685008866e+00	4.556674439534e-09	1.025990141974e-04	5.394559187094e-09	1.928502332317e-03
190	9.963215059517e-01	3.678494048338e-03	-6.324424312931e+05	2.846490627975e+00	3.023442079642e-08	6.437337425816e-04	3.546410067881e-08	3.034694607235e-03
191	9.959473541051e-01	4.052645894884e-03	7.060958892407e+05	2.926540167928e+00	6.779207647811e-08	1.434339090270e-03	7.971252003687e-08	2.618159300018e-03
192	9.979040725750e-01	2.095927425035e-03	1.744370317756e+05	3.131765835014e+00	7.483845946484e-09	1.642386177988e-04	8.838466687825e-09	1.931672484924e-03
193	9.974542828847e-01	2.545717115308e-03	3.781330276574e+05	3.116479492081e+00	2.316518286413e-08	4.944851856065e-04	2.727502392466e-08	2.051181489495e-03
194	9.980169422408e-01	1.983057759193e-03	1.233062215303e+04	2.985357804070e+00	1.460402549300e-09	3.736388719237e-05	1.744608568060e-09	1.945690666990e-03
195	9.967887393944e-01	3.211260605557e-03	5.472533309341e+05	2.958444571193e+00	4.346467113301e-08	9.219712755168e-04	5.112822315704e-08	2.289194737145e-03
196	9.959756119813e-01	4.024388018722e-03	-6.860262957786e+05	3.048408390911e+00	3.693763067708e-08	7.850224539626e-04	4.333377647621e-08	3.239285293352e-03
197	9.979192808463e-01	2.080719153658e-03	-1.444945120031e+05	2.953615147383e+00	6.125866185048e-10	1.955245839711e-05	7.315210372554e-10	2.061165351154e-03
198	9.974532737373e-01	2.546726262706e-03	-3.578933333413e+05	2.958142057118e+00	7.637775344466e-09	1.676253993022e-04	8.958628719854e-09	2.379084267000e-03
199	9.979898718322e-01	2.010128167831e-03	-4.182057801136e+04	3.186546527770e+00	4.380561253259e-10	1.591538702558e-05	5.422851092282e-10	1.994211800464e-03
200	9.947349907964e-01	5.265009203607e-03	-8.772244312535e+05	2.995369596837e+00	6.381386621115e-08	1.351286684756e-03	7.487524114823e-08	3.913583829743e-03
201	9.915564768521e-01	8.443523147861e-03	1.239436810768e+06	2.953862288104e+00	1.887077147405e-07	3.981035226819e-03	2.217587448472e-07	4.462077454582e-03
202	9.900540833557e-01	9.945916644310e-03	1.375591009721e+06	2.987260719946e+00	2.292357367235e-07	4.834620098996e-03	2.693642065977e-07	5.110797945371e-03
203	9.977786349142e-01	2.221365085818e-03	-2.306225096160e+05	2.940471025139e+00	2.308346828194e-09	5.530320187002e-05	2.713424440815e-09	2.166056862177e-03
204	9.955919674701e-01	4.408032529920e-03	-7.557274434676e+05	2.903409295271e+00	4.553765925617e-08	9.661870777652e-04	5.342345815041e-08	3.441746491038e-03
205	9.977184589271e-01	2.281541072876e-03	2.771904552105e+05	3.056820655597e+00	1.446314111873e-08	3.111947479950e-04	1.704397185110e-08	1.970314817768e-03
206	9.920107205315e-01	7.989279468513e-03	-1.198753723207e+06	2.857761372654e+00	1.249875323496e-07	2.640169703774e-03	1.466808257170e-07	5.348838096381e-03
207	9.979478133594e-01	2.052186640563e-03	1.378296961242e+05	3.085009701754e+00	5.690672856380e-09	1.264618453807e-04	6.727762722687e-09	1.925712376747e-03
208	9.976655484834e-01	2.334451516567e-03	-2.770093256028e+05	3.024747601838e+00	3.898170496273e-09	8.883542628708e-05	4.576897937271e-09	2.245607615211e-03
209	9.973519627873e-01	2.648037212720e-03	-3.793395161466e+05	3.133894609178e+00	9.068720816790e-09	1.978322569839e-04	1.064015796926e-08	2.450185246857e-03
210	9.856284102039e-01	1.437158979608e-02	-1.730148949609e+06	2.907834318811e+00	2.710420002686e-07	5.717568718342e-03	3.181546622640e-07	8.653431881074e-03
211	9.980082242536e-01	1.991775746436e-03	6.152682514807e+03	3.144206746998e+00	1.171539573175e-09	3.133325633102e-05	1.407845165109e-09	1.960439910721e-03
212	9.971533793962e-01	2.846620603844e-03	4.637654132388e+05	3.064564451368e+00	3.256522937826e-08	6.924455558942e-04	3.832181134106e-08	2.154104160909e-03
213	9.978046789424e-01	2.195321057648e-03	-2.091375102958e+05	3.070534890600e+00	1.762791625740e-09	4.384100574139e-05	2.077412848175e-09	2.151476211702e-03
214	9.976338286637e-01	2.366171336309e-03	-2.834463818949e+05	3.121124259754e+00	4.215684534818e-09	9.555783863469e-05	4.951011440967e-09	2.270604330978e-03
215	9.875353447657e-01	1.246465523427e-02	-1.587546923931e+06	2.941376068428e+00	2.268678245738e-07	4.786807922197e-03	2.662907455558e-07	7.677354153506e-03
216	9.979494864980e-01	2.050513501989e-03	1.362653134601e+05	3.078266346541e+00	5.628110741120e-09	1.251422194949e-04	6.653989811615e-09	1.925359000393e-03
217	9.895326641708e-01	1.046733582923e-02	-1.418984607482e+06	3.085244391407e+00	1.802942318232e-07	3.805531373332e-03	2.116141803047e-07	6.661412547486e-03
218	9.936792720128e-01	6.320727987210e-03	1.013247833199e+06	2.791158793145e+00	1.306377741055e-07	2.757949771840e-03	1.535425215123e-07	3.562494035074e-03
219	9.973117169961e-01	2.688283003881e-03	4.167767141128e+05	2.941764605462e+00	2.766949957846e-08	5.892971026467e-04	3.256547530358e-08	2.098925666260e-03
220	9.951542707076e-01	4.845729292394e-03	8.316960807975e+05	3.022306801526e+00	9.032857112280e-08	1.909026761111e-03	1.061920177376e-07	2.936506010694e-03
221	9.700025670537e-01	2.999743294627e-02	2.576261780137e+06	3.230592984423e+00	7.592167977410e-07	1.599617477321e-02	8.918051137071e-07	1.399960715115e-02
222	9.956691813642e-01	4.330818635801e-03	7.497490678111e+05	2.872308727051e+00	7.560741930077e-08	1.598931270026e-03	8.889394738551e-08	2.731722864408e-03
223	9.980157599871e-01	1.984240012882e-03	-9.162200677824e+03	2.977718083993e+00	1.045706307914e-09	2.863366379265e-05	1.255163304463e-09	1.955604048219e-03
224	9.935774025264e-01	6.422597473637e-03	-1.017383134179e+06	3.111565907291e+00	8.883234728263e-08	1.878450886203e-03	1.042440333394e-07	4.543953511053e-03
225	9.980086864315e-01	1.991313568465e-03	1.882428025938e+03	3.131499458558e+00	1.102430597953e-09	2.987433689354e-05	1.325947008752e-09	1.961436803194e-03
226	9.874491355201e-01	1.255086447989e-02	-1.598900557406e+06	2.804136721195e+00	2.294209520014e-07	4.840579076371e-03	2.692860015123e-07	7.709786696561e-03
227	9.970397964936e-01	2.960203506445e-03	4.889765037778e+05	2.947990974429e+00	3.597249255296e-08	7.641710022395e-04	4.232365512411e-08	2.195954208057e-03
228	9.976276794999e-01	2.372320500067e-03	-2.975090452876e+05	2.925362950212e+00	4.676776157217e-09	1.052172117368e-04	5.487335302556e-09	2.267093124219e-03
229	9.947128808919e-01	5.287119108067e-03	-8.735951595476e+05	3.124911831092e+00	6.376599039178e-08	1.350315703750e-03	7.482199247604e-08	3.936664816334e-03
230	9.952971075002e-01	4.702892499839e-03	8.056209609580e+05	2.850359902376e+00	8.603537309578e-08	1.818557105336e-03	1.011451174752e-07	2.884148214012e-03
231	9.977181250753e-01	2.281874924740e-03	2.750363308930e+05	2.952949141364e+00	1.453531742843e-08	3.126837907735e-04	1.712666484166e-08	1.969159471984e-03
232	9.968013609389e-01	3.198639061132e-03	-5.249499682048e+05	3.061431891051e+00	1.987726179313e-08	4.255590380639e-04	2.331612568828e-08	2.773036829681e-03
233	9.959040444160e-01	4.095955584029e-03	7.151374175027e+05	2.983618181517e+00	6.910053084300e-08	1.461913946330e-03	8.125091533662e-08	2.633891286253e-03
234	9.979950853227e-01	2.004914677333e-03	7.906662991973e+04	3.068286095694e+00	3.274293554116e-09	7.557585396975e-05	3.883458572409e-09	1.929331665611e-03
235	9.931798948079e-01	6.820105192057e-03	-1.066066950277e+06	3.054396645380e+00	9.795329087907e-08	2.070611466249e-03	1.149492474003e-07	4.749280823270e-03
236	9.960353145939e-01	3.964685406114e-03	-6.788610832588e+05	2.982751218366e+00	3.588820436159e-08	7.628932452930e-04	4.210090861516e-08	3.201714171708e-03
237	9.971523358804e-01	2.847664119570e-03	4.640071247096e+05	3.063573862397e+00	3.259697674111e-08	6.931139102952e-04	3.835909976577e-08	2.154479253198e-03
238	9.978595732601e-01	2.140426739870e-03	-1.800259131861e+05	3.037224903550e+00	1.126668257718e-09	3.041937823856e-05	1.332874222400e-09	2.110004902089e-03
239	9.979656432106e-01	2.034356789405e-03	1.201369632308e+05	3.007354311031e+00	5.003518743813e-09	1.119681051315e-04	5.917434607562e-09	1.922377763320e-03
240	9.956391172734e-01	4.360882726626e-03	-7.458169348271e+05	2.962841129412e+00	4.435859220549e-08	9.413593430930e-04	5.204081039138e-08	3.419426984130e-03
241	9.969568288307e-01	3.043171169272e-03	5.136585218132e+05	3.100534733235e+00	3.852937186525e-08	8.180699051834e-04	4.533163576149e-08	2.225017403081e-03
242	9.970866513314e-01	2.913348668570e-03	4.788954275923e+05	3.000439241870e+00	3.457916955726e-08	7.348410051716e-04	4.068724922553e-08	2.178432396980e-03
243	9.951448232538e-01	4.855176746227e-03	8.324591106749e+05	3.005574503092e+00	9.056226092624e-08	1.913943511187e-03	1.064662264754e-07	2.941036206553e-03
244	9.897507423866e-01	1.024925761335e-02	1.398156405657e+06	2.895558458890e+00	2.369935235951e-07	4.997981382316e-03	2.784748318830e-07	5.250760762681e-03
245	9.705275538122e-01	2.947244618775e-02	2.552249292156e+06	3.230609911605e+00	7.455196682204e-07	1.570772867401e-02	8.757197599074e-07	1.376309627432e-02
246	9.969978298597e-01	3.002170140280e-03	5.004400967554e+05	2.991756866833e+00	3.725490799362e-08	7.911932775868e-04	4.383157149098e-08	2.210895776214e-03
247	9.950382174025e-01	4.961782597550e-03	-8.232277424676e+05	3.205026406448e+00	5.630408043818e-08	1.193122494833e-03	6.606609882242e-08	3.768537732538e-03
248	9.961898187225e-01	3.810181277529e-03	6.665595877464e+05	3.004934792063e+00	6.094852231660e-08	1.290224010818e-03	7.167317217034e-08	2.519824645016e-03
249	9.979425692565e-01	2.057430743456e-03	-1.267744748799e+05	2.929431053578e+00	4.612189407114e-10	1.635082610506e-05	5.552850800699e-10	2.041078900847e-03
250	9.975449034605e-01	2.455096539550e-03	-3.267283389023e+05	2.958516741280e+00	6.024673832369e-09	1.336319089554e-04	7.067637487018e-09	2.321451538283e-03
251	9.960843069246e-01	3.915693075402e-03	-6.760729190560e+05	2.835476927955e+00	3.523019602638e-08	7.489948301394e-04	4.132617175520e-08	3.166621688895e-03
252	9.930453008676e-01	6.954699132352e-03	1.090135266119e+06	2.987557292082e+00	1.484368925121e-07	3.132879280983e-03	1.744545973885e-07	3.821496959879e-03
253	9.978844154638e-01	2.115584536240e-03	1.877694863887e+05	3.041208503904e+00	8.424442431480e-09	1.840164954567e-04	9.942640652273e-09	1.931549673700e-03
254	9.969215444731e-01	3.078455526887e-03	-4.906729114343e+05	3.169536837486e+00	1.714402519925e-08	3.680038739308e-04	2.011231931018e-08	2.710414396611e-03
255	9.979379211996e-01	2.062078800439e-03	1.459960110500e+05	3.178647847727e+00	5.908566227354e-09	1.310830503947e-04	6.986555648918e-09	1.930982854922e-03
256	9.978165321394e-01	2.183467860599e-03	-2.058089720632e+05	3.026135736224e+00	1.673040873390e-09	4.193520543552e-05	1.971517428912e-09	2.141529010606e-03
257	9.899393910525e-01	1.006060894754e-02	1.386333854483e+06	3.014144282398e+00	2.324242201235e-07	4.901783218140e-03	2.731098704814e-07	5.158320195305e-03
258	9.911795864769e-01	8.820413523055e-03	-1.266028948626e+06	3.168744040773e+00	1.423227915286e-07	3.005501167511e-03	1.670381063967e-07	5.814602994647e-03
259	9.871412088671e-01	1.285879113290e-02	1.603043840475e+06	2.936148349506e+00	3.066716471050e-07	6.465492359049e-03	3.603165056501e-07	6.392631785694e-03
260	9.949173558997e-01	5.082644100329e-03	-8.526150593001e+05	2.982590442470e+00	5.988027095743e-08	1.268403041174e-03	7.025809874105e-08	3.814110920785e-03
261	9.955625013015e-01	4.437498698483e-03	7.741986596834e+05	3.106078771627e+00	7.897901025650e-08	1.670011810600e-03	9.285976240887e-08	2.767315049110e-03
262	9.959252929627e-01	4.074707037275e-03	-7.022459600038e+05	2.874284027766e+00	3.850359251717e-08	8.179735672206e-04	4.516810326998e-08	3.256649798359e-03
263	9.977756257632e-01	2.224374236762e-03	2.491321841902e+05	2.998947048717e+00	1.250565800607e-08	2.699520073696e-04	1.474117118561e-08	1.954394982564e-03
264	9.943196206760e-01	5.680379323987e-03	9.389775564000e+05	2.893149954340e+00	1.132634317787e-07	2.392041628527e-03	1.331335658641e-07	3.288091298463e-03
265	9.932121761090e-01	6.787823891046e-03	1.083352134744e+06	3.259656732314e+00	1.447433926699e-07	3.055185808737e-03	1.701222719203e-07	3.732323216644e-03
266	9.977422983840e-01	2.257701615992e-03	2.650604071072e+05	2.997616512655e+00	1.367745481715e-08	2.946299688665e-04	1.611893156050e-08	1.963041850739e-03
267	9.978197990180e-01	2.180200982044e-03	-2.075532208758e+05	2.968883645625e+00	1.706790994533e-09	4.263016131807e-05	2.009947156181e-09	2.137567103987e-03
268	9.980145638244e-01	1.985436175640e-03	1.475306622367e+04	3.041556051754e+00	1.457836048532e-09	3.732592915691e-05	1.742873887199e-09	1.948107045773e-03
269	9.976370851669e-01	2.362914833060e-03	3.126257111546e+05	3.110676638117e+00	1.718870556610e-08	3.686135402017e-04	2.024956113190e-08	1.994263854591e-03
270	9.957598633566e-01	4.240136643365e-03	7.423089992928e+05	3.085856668071e+00	7.334730596932e-08	1.551391459590e-03	8.624264841362e-08	2.688585593821e-03
271	9.970050974096e-01	2.994902590409e-03	5.018718095326e+05	3.092411956841e+00	3.707339771858e-08	7.874020165837e-04	4.362044517544e-08	2.207419879983e-03
272	9.968446010219e-01	3.155398978100e-03	-5.178654510067e+05	3.011772998971e+00	1.915179211077e-08	4.102580342889e-04	2.246397083356e-08	2.745099328049e-03
273	9.968661777712e-01	3.133822228827e-03	-5.200994837496e+05	2.844324907833e+00	1.909145178002e-08	4.089458943347e-04	2.239019044707e-08	2.724834852850e-03
274	9.979009470340e-01	2.099052966047e-03	-1.432194048414e+05	3.141954458982e+00	5.695540201374e-10	1.870526579906e-05	6.847508013310e-10	2.080346445944e-03
275	9.969837657465e-01	3.016234253511e-03	5.009634162176e+05	2.893003265918e+00	3.762585360424e-08	7.989791986725e-04	4.426566904214e-08	2.217173163316e-03
276	9.944082514157e-01	5.591748584266e-03	9.331066394411e+05	3.051005382317e+00	1.111639888144e-07	2.347867484294e-03	1.306701433939e-07	3.243639265840e-03
277	9.974441200963e-01	2.555879903703e-03	-3.600963037147e+05	2.973685628265e+00	7.772795730593e-09	1.704746163640e-04	9.117217362427e-09	2.385388397326e-03
278	9.977938178992e-01	2.206182100765e-03	2.395449992187e+05	2.978162736199e+00	1.187107804454e-08	2.565822209547e-04	1.399457376678e-08	1.949574014159e-03
279	9.962576947999e-01	3.742305200054e-03	6.535286159475e+05	2.981377421385e+00	5.896802698151e-08	1.248504432807e-03	6.934567609455e-08	2.493672453545e-03
280	9.972539075476e-01	2.746092452428e-03	-4.189607612910e+05	2.935717073498e+00	1.135399850683e-08	2.459285602655e-04	1.331586283713e-08	2.500139222301e-03
281	9.964958621838e-01	3.504137816164e-03	6.069719330159e+05	2.931410887132e+00	5.202512254079e-08	1.102261292584e-03	6.118680534495e-08	2.401763311651e-03
282	9.979164900130e-01	2.083509986982e-03	1.633035294523e+05	2.911296256983e+00	7.274206325708e-09	1.597576980682e-04	8.587043474890e-09	1.923736427664e-03
283	9.970090244582e-01	2.990975541759e-03	4.964381775710e+05	2.947426817193e+00	3.689749666504e-08	7.836529457272e-04	4.341069387063e-08	2.207242287842e-03
284	9.979779258514e-01	2.022074148585e-03	1.060544685790e+05	2.992550219542e+00	4.420452993213e-09	9.968642278010e-05	5.230940292219e-09	1.922378074411e-03
285	9.871357336505e-01	1.286426634952e-02	-1.610797498174e+06	3.103931142382e+00	2.351693006049e-07	4.961761411093e-03	2.760408305450e-07	7.901993728292e-03
286	9.976647823981e-01	2.335217601881e-03	-2.811639089753e+05	2.955472080076e+00	4.025042035672e-09	9.148981003767e-05	4.724221504200e-09	2.243719042580e-03
287	9.978233477169e-01	2.176652283118e-03	-1.888674375604e+05	3.186928889764e+00	1.324315058450e-09	3.463837260476e-05	1.567217285273e-09	2.142011018981e-03
288	9.971975756502e-01	2.802424349784e-03	-4.366510465901e+05	2.883544918811e+00	1.252168116702e-08	2.705210373778e-04	1.468442789913e-08	2.531876106298e-03
289	9.922086675932e-01	7.791332406800e-03	1.174486424929e+06	2.909325351031e+00	1.709371238309e-07	3.606746859084e-03	2.008837570059e-07	4.184213726835e-03
290	9.725299620941e-01	2.747003790592e-02	2.450208455881e+06	3.055185164779e+00	6.911914935920e-07	1.456355550559e-02	8.119148078385e-07	1.290497929403e-02
291	9.892553143440e-01	1.074468565600e-02	1.442228137885e+06	2.989573315094e+00	2.506253724419e-07	5.285113428723e-03	2.944881772402e-07	5.459027113731e-03
292	9.956305895200e-01	4.369410479978e-03	7.591744103960e+05	2.981761080545e+00	7.685750458504e-08	1.625289328219e-03	9.036459006153e-08	2.743953929665e-03
293	9.974134366089e-01	2.586563391055e-03	3.933571919232e+05	3.191569456193e+00	2.442501750733e-08	5.210464084279e-04	2.875777446573e-08	2.065463799835e-03
294	9.951205082582e-01	4.879491741838e-03	-8.246820544845e+05	2.959744408314e+00	5.554075901399e-08	1.176964516978e-03	6.516443711431e-08	3.702406519664e-03
295	9.979888648381e-01	2.011135161933e-03	-7.532570858595e+04	2.944588829530e+00	3.710446082703e-10	1.443645088769e-05	4.551868837396e-10	1.996697884814e-03
296	9.959671620666e-01	4.032837933440e-03	-6.865456491759e+05	3.066167269774e+00	3.705407015585e-08	7.874810235522e-04	4.347080777844e-08	3.245276385010e-03
297	9.979541411120e-01	2.045858887965e-03	1.298590602676e+05	3.179430081896e+00	5.146072475808e-09	1.150271395054e-04	6.089413334812e-09	1.930820512974e-03
298	9.947617353557e-01	5.238264644300e-03	-8.764633919423e+05	2.927180513106e+00	6.345769345776e-08	1.343765429560e-03	7.445588006423e-08	3.894361301166e-03
299	9.918345261635e-01	8.165473836522e-03	-1.212417304656e+06	2.965583354377e+00	1.285645525924e-07	2.715559547975e-03	1.508819380755e-07	5.449634842057e-03
300	9.975057019830e-01	2.494298017042e-03	-3.415512014040e+05	2.934248342610e+00	6.749303547115e-09	1.488959011022e-04	7.916613530073e-09	2.345387450022e-03
301	9.979733958513e-01	2.026604148748e-03	1.110990590249e+05	2.817856833809e+00	4.860188644389e-09	1.089023576121e-04	5.745237556322e-09	1.917691185710e-03
302	9.979980724639e-01	2.001927536119e-03	-7.016532973942e+04	2.823433276143e+00	4.555549140342e-10	1.618500307512e-05	5.532111039978e-10	1.985741524278e-03
303	9.974328717677e-01	2.567128232344e-03	-3.575342491156e+05	3.083095256500e+00	7.739756161337e-09	1.698106404656e-04	9.080743315499e-09	2.397300771379e-03
304	9.977942086300e-01	2.205791369952e-03	-2.103128706637e+05	3.126704741538e+00	1.807668346560e-09	4.480603320734e-05	2.131158494452e-09	2.160981397918e-03
305	9.955359913592e-01	4.464008640772e-03	7.781153622651e+05	3.101722318140e+00	7.972236188175e-08	1.685666831505e-03	9.373300799293e-08	2.778168353897e-03
306	9.968586445533e-01	3.141355446686e-03	-5.132548976955e+05	3.039111087647e+00	1.879813452830e-08	4.028148141695e-04	2.204965222991e-08	2.738499784730e-03
307	9.967546775508e-01	3.245322449215e-03	-5.404101593206e+05	2.958147632665e+00	2.109065315823e-08	4.510974800167e-04	2.473753518205e-08	2.794179141010e-03
308	9.973431780137e-01	2.656821986322e-03	4.071454107530e+05	2.924729190501e+00	2.668842508800e-08	5.686305380030e-04	3.141208255650e-08	2.088133347811e-03
309	9.977557061276e-01	2.244293872414e-03	-2.244026486040e+05	3.188127361676e+00	2.214742436604e-09	5.340926520326e-05	2.609090072173e-09	2.190879783378e-03
310	9.978226596446e-01	2.177340355371e-03	-2.038058639810e+05	3.004848503763e+00	1.622626551284e-09	4.086601425415e-05	1.912141221515e-09	2.136470806349e-03
311	9.939971120075e-01	6.002887992544e-03	-9.705916308059e+05	3.040335213833e+00	7.986088102747e-08	1.689404827641e-03	9.371154193769e-08	4.313309592480e-03
312	9.962438970152e-01	3.756102984770e-03	6.529099282810e+05	2.877313204425e+00	5.925201662258e-08	1.254458174665e-03	6.967749673068e-08	2.501515880592e-03
313	9.980175272537e-01	1.982472746269e-03	-1.232802634590e+04	2.918979209973e+00	1.039332529339e-09	2.848445080017e-05	1.246380241126e-09	1.953986009756e-03
314	9.974405143274e-01	2.559485672637e-03	3.823262457896e+05	3.107466886575e+00	2.360926013572e-08	5.038353824027e-04	2.779677451365e-08	2.055598884200e-03
315	9.978718028555e-01	2.128197144473e-03	1.959937783360e+05	3.035514346707e+00	8.923996867254e-09	1.945351042394e-04	1.053006301551e-08	1.933642586174e-03
316	9.860520028656e-01	1.394799713443e-02	-1.697186952292e+06	2.973159449064e+00	2.609275162243e-07	5.504465161249e-03	3.062804260023e-07	8.442964765236e-03
317	9.972058362890e-01	2.794163711011e-03	4.443114246270e+05	2.869688253485e+00	3.090613324629e-08	6.574465976770e-04	3.636819284725e-08	2.136649839008e-03
318	9.977834546988e-01	2.216545301246e-03	-2.299392805717e+05	2.905974514786e+00	2.282488177044e-09	5.474941458477e-05	2.682588556424e-09	2.161790921585e-03
319	9.899663527132e-01	1.003364728679e-02	1.379632462747e+06	2.884512948426e+00	2.311843202584e-07	4.875631376486e-03	2.716512391059e-07	5.157513074741e-03
320	9.937618653774e-01	6.238134622608e-03	-9.929823789905e+05	3.155078166397e+00	8.451920562416e-08	1.787589398139e-03	9.918227499298e-08	4.450361522988e-03
321	9.973294647204e-01	2.670535279634e-03	-3.921902448214e+05	3.036084949451e+00	9.729998520990e-09	2.117354151290e-04	1.141334178480e-08	2.458778721165e-03
322	9.936115243212e-01	6.388475678843e-03	-1.006286252432e+06	3.226558507806e+00	8.743517854307e-08	1.849052954767e-03	1.026070876597e-07	4.539232681810e-03
323	9.977811415509e-01	2.218858449075e-03	2.477590416149e+05	3.069606629949e+00	1.224883535714e-08	2.645649358050e-04	1.444073818949e-08	1.954266823696e-03
324	9.913942180074e-01	8.605781992586e-03	1.259437255640e+06	3.080390498906e+00	1.935588805279e-07	4.083247030146e-03	2.274595881899e-07	4.522113943972e-03
325	9.962958988206e-01	3.704101179432e-03	6.473894971108e+05	3.008077652212e+00	5.789449501038e-08	1.225902237955e-03	6.808482568598e-08	2.478072962157e-03
326	9.976182854995e-01	2.381714500501e-03	-2.910825379814e+05	3.100106899227e+00	4.514454667925e-09	1.018472141887e-04	5.300603420519e-09	2.279857471254e-03
327	9.978953606415e-01	2.104639358474e-03	1.800431138052e+05	3.022724382096e+00	8.013610431145e-09	1.753591967354e-04	9.459015629617e-09	1.929262689112e-03
328	9.881727930857e-01	1.182720691427e-02	-1.536188209459e+06	2.975755564508e+00	2.120401772427e-07	4.474393645295e-03	2.488827918970e-07	7.352352346009e-03
329	9.977514250285e-01	2.248574971511e-03	2.592323965984e+05	2.924420367279e+00	1.339621079570e-08	2.886864204918e-04	1.578683182597e-08	1.959859367977e-03
330	9.944341898302e-01	5.565810169790e-03	-9.131324245587e+05	3.080765644081e+00	7.006176682830e-08	1.482951264580e-03	8.221050661808e-08	4.082706632937e-03
331	9.968957654487e-01	3.104234551349e-03	5.307999076645e+05	3.185110680521e+00	4.038236352517e-08	8.571276828832e-04	4.751130247377e-08	2.247018974800e-03
332	9.938847723535e-01	6.115227646467e-03	1.002013928282e+06	3.164672124112e+00	1.259297458434e-07	2.658899146714e-03	1.480189511507e-07	3.456054551056e-03
333	9.923522794534e-01	7.647720546579e-03	1.165912547367e+06	3.074356294402e+00	1.675803054480e-07	3.536096028486e-03	1.969437716704e-07	4.111259994016e-03
334	9.979119191834e-01	2.088080816561e-03	-1.521325606773e+05	2.919525692422e+00	7.064583694231e-10	2.152362862396e-05	8.403872042411e-10	2.066555641092e-03
335	9.956456867390e-01	4.354313261025e-03	-7.359245626874e+05	3.134881177976e+00	4.359838222042e-08	9.253918469696e-04	5.115246239029e-08	3.428826663210e-03
336	9.960746689409e-01	3.925331059063e-03	6.881989725543e+05	3.044374201427e+00	6.430220039916e-08	1.360871236495e-03	7.561442076102e-08	2.564319905946e-03
337	9.684223726061e-01	3.157762739392e-02	2.632421109097e+06	2.877212129779e+00	7.963723423310e-07	1.677852070282e-02	9.354322862253e-07	1.479737488647e-02
338	9.940324950566e-01	5.967504943355e-03	9.761544858801e+05	2.950710486158e+00	1.213016274945e-07	2.561354556549e-03	1.425774913878e-07	3.405886507686e-03
339	9.975914518290e-01	2.408548171041e-03	3.313837901021e+05	3.157424549447e+00	1.866972072042e-08	3.998216265497e-04	2.199177325889e-08	2.008685882998e-03
340	9.923294643623e-01	7.670535637696e-03	1.161900378589e+06	2.895234789587e+00	1.676241154871e-07	3.536967595689e-03	1.969918421738e-07	4.133203426050e-03
341	9.974174658839e-01	2.582534116075e-03	-3.767898150385e+05	2.770495808826e+00	8.572843577210e-09	1.872873023380e-04	1.005200771599e-08	2.395228188885e-03
342	9.975217945894e-01	2.478205410583e-03	3.539480279740e+05	3.060044365716e+00	2.101580024009e-08	4.491981078984e-04	2.474723043728e-08	2.028961539654e-03
343	9.780630695100e-01	2.193693049000e-02	-2.201479554531e+06	3.063608135386e+00	4.461257680394e-07	9.406772501036e-03	5.237347900308e-07	1.252918812841e-02
344	9.974904117397e-01	2.509588260297e-03	3.646174678101e+05	3.059422457362e+00	2.202864492698e-08	4.705295942082e-04	2.593776565683e-08	2.039010699678e-03
345	9.967765221065e-01	3.223477893518e-03	-5.329732815076e+05	3.013816926005e+00	2.050917324891e-08	4.388601712590e-04	2.405644497741e-08	2.784573156641e-03
346	9.976050413475e-01	2.394958652459e-03	3.219499495131e+05	2.985465618454e+00	1.832176021344e-08	3.924370821258e-04	2.157876263224e-08	2.002481669810e-03
347	9.973670971761e-01	2.632902823873e-03	-3.827558079248e+05	3.002158075076e+00	9.112613642127e-09	1.987163563843e-04	1.068869759146e-08	2.434166666177e-03
348	9.969098854889e-01	3.090114511139e-03	5.201850664689e+05	2.961142913610e+00	3.987064186296e-08	8.462763988857e-04	4.690486225566e-08	2.243751336749e-03
349	9.964306585489e-01	3.569341451083e-03	6.273587091439e+05	3.159169660783e+00	5.412358713387e-08	1.146531452999e-03	6.365746359575e-08	2.422692217033e-03
350	9.978806102562e-01	2.119389743801e-03	-1.686258814190e+05	3.007404690530e+00	9.295049081714e-10	2.625263901238e-05	1.102016120172e-09	2.093135073268e-03
351	9.835160344559e-01	1.648396554409e-02	1.852656930297e+06	3.045543679894e+00	4.032082302765e-07	8.498654759626e-03	4.737009759791e-07	7.984433875262e-03
352	9.970755613102e-01	2.924438689813e-03	-4.652996116640e+05	2.958014025035e+00	1.472809207925e-08	3.170327955196e-04	1.727364370642e-08	2.607373892558e-03
353	9.975150865239e-01	2.484913476086e-03	3.535288045174e+05	2.956608999898e+00	2.125508826875e-08	4.542067773225e-04	2.502635449801e-08	2.030660417321e-03
354	9.922342034564e-01	7.765796543596e-03	-1.167863684727e+06	3.054513488064e+00	1.191512052302e-07	2.517245807454e-03	1.398332381947e-07	5.248291751699e-03
355	9.979396243538e-01	2.060375646188e-03	1.449885253723e+05	2.946563362873e+00	6.268778940169e-09	1.385946913806e-04	7.404916668446e-09	1.921767281112e-03
356	9.832557125047e-01	1.674428749528e-02	1.862037493631e+06	2.843087620159e+00	4.088472686080e-07	8.617357206220e-03	4.803205464844e-07	8.126041121250e-03
357	9.835701610057e-01	1.642983899429e-02	-1.871721322461e+06	2.899093365573e+00	3.187944136028e-07	6.723740493944e-03	3.742218907598e-07	9.705405484040e-03
358	9.964698258332e-01	3.530174166804e-03	6.131489741575e+05	2.967327221104e+00	5.281526187870e-08	1.118912297440e-03	6.211590135941e-08	2.411146938201e-03
359	9.952385194367e-01	4.761480563340e-03	-8.005073430007e+05	3.100955671207e+00	5.246912118738e-08	1.112285868726e-03	6.156242960997e-08	3.649080663063e-03
360	9.971482285336e-01	2.851771466387e-03	-4.462039675535e+05	2.966303811395e+00	1.330509880733e-08	2.870500260336e-04	1.560473253870e-08	2.564692530522e-03
361	9.779386065662e-01	2.206139343376e-02	2.169990176111e+06	2.860359948852e+00	5.483722111088e-07	1.155578372385e-02	6.441851883186e-07	1.050441715251e-02
362	9.929490043148e-01	7.050995685174e-03	1.104978217423e+06	3.104954783128e+00	1.514292234081e-07	3.195941569771e-03	1.779720999332e-07	3.854724714079e-03
363	9.979604219879e-01	2.039578012090e-03	-1.075283755686e+05	2.964335642226e+00	3.529161586066e-10	1.407187399080e-05	4.307466946890e-10	2.025505354436e-03
364	9.957721621931e-01	4.227837806893e-03	-7.250895410196e+05	2.943935418738e+00	4.157492358723e-08	8.827026971956e-04	4.877363716235e-08	3.345044761137e-03
365	9.967850349214e-01	3.214965078609e-03	-5.346674091918e+05	2.937157275404e+00	2.052862335531e-08	4.392494542423e-04	2.407777860841e-08	2.775671017965e-03
366	9.975122563310e-01	2.487743669025e-03	-3.415363945909e+05	2.883632552541e+00	6.714704955228e-09	1.481546767749e-04	7.875206229376e-09	2.339574402339e-03
367	9.914994056180e-01	8.500594382033e-03	1.247725423779e+06	3.034150104699e+00	1.905372806125e-07	4.019592527779e-03	2.239093597508e-07	4.480587407613e-03
368	9.978469497189e-01	2.153050281097e-03	-1.898460832258e+05	3.005293946064e+00	1.316888195928e-09	3.442043417064e-05	1.554611042325e-09	2.118626975427e-03
369	9.940233675773e-01	5.976632422690e-03	-9.692193719162e+05	3.000434381284e+00	7.944124578276e-08	1.680552126280e-03	9.321812786666e-08	4.295907637036e-03
370	9.952665108180e-01	4.733489181978e-03	8.091607202442e+05	2.816222964207e+00	8.683942545112e-08	1.835482527156e-03	1.020892492673e-07	2.897817726147e-03
371	9.962963274493e-01	3.703672550740e-03	-6.257295273013e+05	3.097915818353e+00	3.005860457262e-08	6.400957182339e-04	3.526270040563e-08	3.063511511201e-03
372	9.966863834213e-01	3.313616578677e-03	-5.490122769129e+05	3.078825234178e+00	2.213519102537e-08	4.731410864648e-04	2.596552158779e-08	2.840427391499e-03
373	9.840457898323e-01	1.595421016766e-02	-1.833946346683e+06	3.046685098398e+00	3.069504191370e-07	6.474209837109e-03	3.603183398004e-07	9.479333061791e-03
374	9.980001770054e-01	1.999822994610e-03	-6.344897795772e+04	2.871775852679e+00	4.702278765595e-10	1.650285730588e-05	5.718326343405e-10	1.983319095243e-03
375	9.932181800370e-01	6.781819962979e-03	-1.068708692158e+06	2.890875080029e+00	9.773786414995e-08	2.066031333646e-03	1.146931375663e-07	4.715576198332e-03
376	9.948742092511e-01	5.125790748944e-03	-8.617049039077e+05	2.908039624001e+00	6.105909139561e-08	1.293222858701e-03	7.164027262333e-08	3.832435190879e-03
377	9.849725163622e-01	1.502748363783e-02	-1.760747388704e+06	3.225828819604e+00	2.841794966398e-07	5.994464433511e-03	3.335870056877e-07	9.032401437821e-03
378	9.980088129606e-01	1.991187039442e-03	5.546078103430e+04	2.957473920230e+00	2.630161373493e-09	6.198187179988e-05	3.122482785487e-09	1.929199414998e-03
379	9.958745189850e-01	4.125481015041e-03	-7.003199145126e+05	3.101939312640e+00	3.887726910616e-08	8.259063304907e-04	4.561118799102e-08	3.299490196093e-03
380	9.977871505129e-01	2.212849487090e-03	-2.298892331557e+05	2.866586731700e+00	2.274983550538e-09	5.458173424345e-05	2.673198852208e-09	2.158262804664e-03
381	9.980059336674e-01	1.994066332582e-03	5.373247456782e+04	3.081003156202e+00	2.427916394554e-09	5.775985589378e-05	2.887048244907e-09	1.936301161724e-03
382	9.959563179926e-01	4.043682007421e-03	-6.921842844792e+05	2.990178384828e+00	3.753231531957e-08	7.975366315836e-04	4.403041335895e-08	3.246063813108e-03
383	9.923078946727e-01	7.692105327291e-03	-1.163092965374e+06	2.992857378593e+00	1.177737346203e-07	2.488206440248e-03	1.382148836976e-07	5.203642898424e-03
384	9.937179323419e-01	6.282067658077e-03	-1.006409757953e+06	2.997987503908e+00	8.621721498476e-08	1.823319406714e-03	1.011717503861e-07	4.458560862398e-03
385	9.964468178136e-01	3.553182186433e-03	6.163077405973e+05	2.924478918297e+00	5.344273542969e-08	1.132116992198e-03	6.285240687631e-08	2.420948899092e-03
386	9.926410950592e-01	7.358904940801e-03	-1.124467685638e+06	3.068132213326e+00	1.099432159200e-07	2.323239492171e-03	1.290242512288e-07	5.035426481164e-03
387	9.969278367845e-01	3.072163215485e-03	5.201651821744e+05	3.092024259486e+00	3.939696791117e-08	8.363399355364e-04	4.635098920426e-08	2.235737531992e-03
388	9.916534944390e-01	8.346505561031e-03	1.232281051471e+06	3.012607755675e+00	1.862943846833e-07	3.930225436821e-03	2.189250375599e-07	4.415874904788e-03
389	9.939995033865e-01	6.000496613534e-03	9.798823475291e+05	2.942995083718e+00	1.221912953827e-07	2.580089065393e-03	1.436225030865e-07	3.420141734343e-03
390	9.887170558999e-01	1.128294410010e-02	1.487779120472e+06	3.052895429976e+00	2.653051739138e-07	5.594307352899e-03	3.117318168969e-07	5.688059710213e-03
391	9.978956266554e-01	2.104373344629e-03	1.805725259488e+05	3.113102679282e+00	7.865501168496e-09	1.722692672072e-04	9.286915429165e-09	1.932086925005e-03
392	9.928848439241e-01	7.115156075865e-03	-1.098592941922e+06	3.058573784174e+00	1.045279932050e-07	2.209138903756e-03	1.226671759475e-07	4.905789976940e-03
393	9.949354658526e-01	5.064534147432e-03	8.652713105997e+05	3.100013970252e+00	9.660351680196e-08	2.041214027805e-03	1.135656712410e-07	3.023109950439e-03
394	9.967443523944e-01	3.255647605596e-03	-5.373447667366e+05	3.064318857015e+00	2.101177940319e-08	4.494656696113e-04	2.464718575471e-08	2.806136277020e-03
395	9.971274114168e-01	2.872588583156e-03	4.688027520215e+05	3.009297343122e+00	3.334473432289e-08	7.088445603163e-04	3.923671163398e-08	2.163671441393e-03
396	9.820817728931e-01	1.791822710686e-02	1.936277418237e+06	2.911572198780e+00	4.401044075958e-07	9.275662611307e-03	5.170320436746e-07	8.641607359100e-03
397	9.975744868162e-01	2.425513183845e-03	3.334872953952e+05	2.993060162577e+00	1.932279650418e-08	4.135218735583e-04	2.275567183462e-08	2.011949231819e-03
398	9.958770230892e-01	4.122976910803e-03	-7.040301664926e+05	3.024091197383e+00	3.910216533305e-08	8.306225577794e-04	4.587335540835e-08	3.292269377503e-03
399	9.974380252667e-01	2.561974733253e-03	-3.694561074043e+05	2.795077719408e+00	8.166823781060e-09	1.787360139201e-04	9.576289990940e-09	2.383220976219e-03
400	9.932871675774e-01	6.712832422588e-03	-1.049173180897e+06	3.142787612567e+00	9.512249214891e-08	2.010993130617e-03	1.116284440477e-07	4.701632541034e-03
401	9.940328263492e-01	5.967173650833e-03	-9.710250236563e+05	2.929956601909e+00	7.948638134587e-08	1.681485924518e-03	9.326973519967e-08	4.285514970198e-03
402	9.909179557160e-01	9.082044284045e-03	-1.300972816683e+06	2.961616235691e+00	1.493503342398e-07	3.153513586339e-03	1.752834407140e-07	5.928206063931e-03
403	9.958733731652e-01	4.126626834821e-03	7.161128966341e+05	2.846764755889e+00	6.979375806304e-08	1.476478947413e-03	8.206302718001e-08	2.649996030622e-03
404	9.962750354268e-01	3.724964573203e-03	-6.350233520422e+05	2.996446353348e+00	3.082806430696e-08	6.562786402372e-04	3.616336364503e-08	3.068618941538e-03
405	9.979815965125e-01	2.018403487464e-03	-7.977254731611e+04	3.006399583837e+00	3.255457991532e-10	1.349716223812e-05	4.023301759020e-10	2.004905597350e-03
406	9.979399122298e-01	2.060087770157e-03	-1.315245967639e+05	2.888120436951e+00	5.074076877399e-10	1.731499290053e-05	6.083814251119e-10	2.042771661467e-03
407	9.978321756104e-01	2.167824389627e-03	2.149244397325e+05	2.762830595084e+00	1.057454703231e-08	2.292260776693e-04	1.246630795710e-08	1.938575271103e-03
408	9.926551118218e-01	7.344888178192e-03	1.134473780554e+06	3.066158618074e+00	1.593149472235e-07	3.362012293098e-03	1.872344943920e-07	3.982529335652e-03
409	9.979511839765e-01	2.048816023544e-03	1.348074476069e+05	3.009302857048e+00	5.674494831653e-09	1.260977993510e-04	6.706999135766e-09	1.922705842699e-03
410	9.886885431110e-01	1.131145688903e-02	-1.496377131977e+06	2.931014530118e+00	2.004073500105e-07	4.229277657503e-03	2.352244125496e-07	7.081743599765e-03
411	9.946069644431e-01	5.393035556884e-03	-8.905186460911e+05	3.076881237541e+00	6.629351876095e-08	1.403554862320e-03	7.778745315400e-08	3.989336613592e-03
412	9.962240806715e-01	3.775919328493e-03	-6.448544640215e+05	2.987617394503e+00	3.191569806466e-08	6.791931963103e-04	3.743943405963e-08	3.096656777051e-03
413	9.975667538685e-01	2.433246131547e-03	-3.189222171788e+05	2.957416377318e+00	5.651188804877e-09	1.257610626263e-04	6.629856795828e-09	2.307472787876e-03
414	9.979317904732e-01	2.068209526826e-03	1.511344813976e+05	2.901733359976e+00	6.647378234735e-09	1.465555442290e-04	7.849484901723e-09	1.921639485733e-03
415	9.978214272565e-01	2.178572743482e-03	-2.053333793493e+05	2.991217405174e+00	1.656736005479e-09	4.158119727032e-05	1.951790055554e-09	2.136987937685e-03
416	9.966826639260e-01	3.317336074046e-03	-5.625397427994e+05	2.781140874426e+00	2.291145425900e-08	4.894238542482e-04	2.687087588902e-08	2.827862437468e-03
417	9.802493636394e-01	1.975063636062e-02	2.038286006797e+06	2.718639924402e+00	4.871200717301e-07	1.026577605470e-02	5.722470853918e-07	9.483800938763e-03
418	9.978986080456e-01	2.101391954446e-03	-1.526923889105e+05	3.055365147299e+00	6.943656251817e-10	2.130829966842e-05	8.284981101847e-10	2.080082131913e-03
419	9.976989217158e-01	2.301078284161e-03	2.864600136022e+05	3.087444740796e+00	1.511052519347e-08	3.248386446503e-04	1.780580928777e-08	1.976206723176e-03
420	9.975644604605e-01	2.435539539505e-03	3.382475209785e+05	3.036658012662e+00	1.963668813354e-08	4.201455861730e-04	2.312558498646e-08	2.015351191059e-03
421	9.947289112383e-01	5.271088761655e-03	-8.774274915406e+05	3.009015070351e+00	6.389707830125e-08	1.353043375269e-03	7.497318927079e-08	3.917906516118e-03
422	9.946240030259e-01	5.375996974099e-03	9.000059617109e+05	2.894970132495e+00	1.048529365856e-07	2.214900319276e-03	1.232530961224e-07	3.160868548791e-03
423	9.838823043340e-01	1.611769566598e-02	1.825669743205e+06	2.946579482071e+00	3.929174986589e-07	8.281897549416e-03	4.616129397334e-07	7.834943586128e-03
424	9.978774445859e-01	2.122555414060e-03	1.901277785911e+05	2.888111265593e+00	8.834989546625e-09	1.926205792364e-04	1.042246739153e-08	1.929915577367e-03
425	9.861679653731e-01	1.383203462692e-02	-1.689786901482e+06	2.947639544983e+00	2.583772786447e-07	5.450726780723e-03	3.032856620055e-07	8.380746183255e-03
426	9.978693004837e-01	2.130699516277e-03	-1.712925560206e+05	3.071793957689e+00	9.722742894563e-10	2.717468820771e-05	1.153176267826e-09	2.103522702618e-03
427	9.961787616318e-01	3.821238368214e-03	-6.593278032450e+05	2.831214588855e+00	3.325224626868e-08	7.073180573851e-04	3.900505794635e-08	3.113848053525e-03
428	9.971318085510e-01	2.868191448965e-03	4.651450353594e+05	2.921586171939e+00	3.317995103362e-08	7.053491893828e-04	3.904136895881e-08	2.162770038262e-03
429	9.978643871763e-01	2.135612823710e-03	-1.751790583867e+05	3.062093747127e+00	1.039453352761e-09	2.858823998311e-05	1.231455957612e-09	2.107022312818e-03
430	9.960950223492e-01	3.904977650796e-03	-6.597165254192e+05	3.143535438381e+00	3.407656322576e-08	7.247688678743e-04	3.997862470422e-08	3.180134727734e-03
431	9.963036097532e-01	3.696390246843e-03	6.459936607159e+05	3.008932508131e+00	5.767265372279e-08	1.221230103278e-03	6.782418229628e-08	2.475034646728e-03
432	9.889624978372e-01	1.103750216277e-02	-1.471972487328e+06	2.977517067753e+00	1.939103370956e-07	4.092394621730e-03	2.275975285706e-07	6.944686033173e-03
433	9.979567322877e-01	2.043267712323e-03	-1.225754373155e+05	2.757033793288e+00	4.844892547340e-10	1.679994775735e-05	5.806995223244e-10	2.026466699377e-03
434	9.979887652639e-01	2.011234736071e-03	9.177210402056e+04	2.979683136198e+00	3.866414748368e-09	8.801688272466e-05	4.578550035830e-09	1.923209408382e-03
435	9.947194794523e-01	5.280520547702e-03	8.890232956010e+05	2.946874054219e+00	1.023072479627e-07	2.161297065728e-03	1.202633332908e-07	3.119000911393e-03
436	9.951400836299e-01	4.859916370086e-03	-8.241089329107e+05	2.903454481501e+00	5.528645321843e-08	1.171593293902e-03	6.486493125120e-08	3.688202924799e-03
437	9.979903075278e-01	2.009692472197e-03	-6.615072460861e+04	3.019410060504e+00	3.709966179631e-10	1.445356243112e-05	4.574111020471e-10	1.995238081358e-03
438	9.957420514661e-01	4.257948533937e-03	7.426450336906e+05	3.015149859826e+00	7.375004043105e-08	1.559850721659e-03	8.671430893160e-08	2.697937347928e-03
439	9.919947222202e-01	8.005277779778e-03	1.196624063842e+06	2.938183787453e+00	1.768158881040e-07	3.730570675229e-03	2.077897840418e-07	4.274322498878e-03
440	9.951165907583e-01	4.883409241750e-03	8.382357069775e+05	3.054856531417e+00	9.144531535760e-08	1.932557822910e-03	1.075046898993e-07	2.950652468834e-03
441	9.886985549289e-01	1.130144507112e-02	1.480833763910e+06	2.799366682167e+00	2.647096492662e-07	5.581696634823e-03	3.110281090186e-07	5.719172698535e-03
442	9.732981970977e-01	2.670180290230e-02	2.410217418424e+06	2.976709194692e+00	6.704056618992e-07	1.412579655910e-02	7.875029993269e-07	1.257454843454e-02
443	9.978402388291e-01	2.159761170870e-03	2.129689972948e+05	2.903826912742e+00	1.022717113899e-08	2.219421773685e-04	1.206004193641e-08	1.937796706289e-03
444	9.973066125923e-01	2.693387407674e-03	-4.002589769118e+05	3.010981390748e+00	1.021013951334e-08	2.218458742237e-04	1.197586453890e-08	2.471519347446e-03
445	9.971661174758e-01	2.833882524190e-03	4.626624459446e+05	3.135041647950e+00	3.217799305137e-08	6.843127213261e-04	3.786838804407e-08	2.149499756482e-03
446	9.977488986515e-01	2.251101348535e-03	2.587457825545e+05	2.845308120660e+00	1.350785340711e-08	2.910183984523e-04	1.591673691267e-08	1.960053525493e-03
447	9.964217308974e-01	3.578269102619e-03	6.246756059488e+05	3.036423103246e+00	5.427774462009e-08	1.149735838198e-03	6.383573590722e-08	2.428415150940e-03
448	9.976124817007e-01	2.387518299269e-03	-3.024453354417e+05	2.945104947382e+00	4.898922287700e-09	1.099041139814e-04	5.747999744121e-09	2.277603538366e-03
449	9.973225708375e-01	2.677429162476e-03	-3.954744457599e+05	3.013226285887e+00	9.909051188936e-09	2.155018688080e-04	1.162283297759e-08	2.461905761784e-03
450	9.924932778349e-01	7.506722165075e-03	1.151193617415e+06	3.065795399372e+00	1.637175633841e-07	3.454738619942e-03	1.924061278651e-07	4.051627421442e-03
451	9.964081646555e-01	3.591835344492e-03	-6.051737217344e+05	3.084489115423e+00	2.779420717168e-08	5.923811531862e-04	3.260537907491e-08	2.999393791719e-03
452	9.970682019256e-01	2.931798074435e-03	4.874664929117e+05	3.125270166813e+00	3.516864884193e-08	7.472958985245e-04	4.138280532677e-08	2.184425624456e-03
453	9.904041749883e-01	9.595825011699e-03	1.346048873217e+06	3.006022696851e+00	2.199202151834e-07	4.638429847451e-03	2.584225620050e-07	4.956916821470e-03
454	9.979262283609e-01	2.073771639068e-03	1.561266378830e+05	2.945271354055e+00	6.840055291173e-09	1.506244961451e-04	8.076961403620e-09	1.923132225906e-03
455	9.977987072326e-01	2.201292767415e-03	-2.184470081763e+05	2.975777379439e+00	1.981202262479e-09	4.841684310504e-05	2.331144502702e-09	2.152871611963e-03
456	9.974412735414e-01	2.558726458638e-03	3.835541531206e+05	3.159103057999e+00	2.355795710775e-08	5.027728361658e-04	2.773777509092e-08	2.055902326740e-03
457	9.977350670218e-01	2.264932978247e-03	2.675009808431e+05	2.956773292556e+00	1.395004896069e-08	3.003589346277e-04	1.643862012793e-08	1.964543654950e-03
458	9.960807609937e-01	3.919239006318e-03	-6.701033182398e+05	2.999473070246e+00	3.488216628720e-08	7.417000140686e-04	4.092067930285e-08	3.177463189404e-03
459	9.979605586988e-01	2.039441301190e-03	1.255267700172e+05	2.992495508335e+00	5.268791729993e-09	1.175498034053e-04	6.229270950480e-09	1.921879999722e-03
460	9.933257231741e-01	6.674276825899e-03	1.064058937399e+06	3.111080136739e+00	1.411426616639e-07	2.979290502051e-03	1.658886525382e-07	3.694679292534e-03
461	9.964844225530e-01	3.515577447001e-03	6.165722130871e+05	3.150207604988e+00	5.254612484321e-08	1.113303979414e-03	6.180369930015e-08	2.402159117762e-03
462	9.943257371132e-01	5.674262886831e-03	9.506204963378e+05	3.221401301748e+00	1.138734560207e-07	2.404997500188e-03	1.338572825047e-07	3.269017655904e-03
463	9.976825614963e-01	2.317438503675e-03	2.882419232474e+05	2.859349652289e+00	1.576776930515e-08	3.386162966641e-04	1.857397376106e-08	1.978787865268e-03
464	9.954660217580e-01	4.533978242008e-03	7.865317032746e+05	3.040843836254e+00	8.159876716671e-08	1.725167255684e-03	9.593618121994e-08	2.808633451376e-03
465	9.979905517913e-01	2.009448208713e-03	-6.860583228867e+04	2.991905435826e+00	3.743111541462e-10	1.451613734750e-05	4.605453008472e-10	1.994931236509e-03
466	9.954067546207e-01	4.593245379282e-03	-7.780555360135e+05	3.048128520770e+00	4.905501559968e-08	1.040335330712e-03	5.755429758090e-08	3.552803439256e-03
467	9.967023366051e-01	3.297663394911e-03	5.671661125817e+05	3.002518775771e+00	4.604453152404e-08	9.763199806584e-04	5.416065645538e-08	2.321243209065e-03
468	9.852845484515e-01	1.471545154850e-02	-1.749714053770e+06	3.025701469691e+00	2.783832888005e-07	5.872278005465e-03	3.267764797609e-07	8.842568383265e-03
469	9.979111952040e-01	2.088804796022e-03	1.668928867811e+05	2.884627547141e+00	7.509825047579e-09	1.647130151433e-04	8.863730917657e-09	1.924075407323e-03
470	9.946075342888e-01	5.392465711158e-03	9.054349197267e+05	2.996133729380e+00	1.055162313679e-07	2.228898647950e-03	1.240341395017e-07	3.163337512836e-03
471	9.977378330310e-01	2.262166968990e-03	2.658872129740e+05	2.940756085542e+00	1.386131994939e-08	2.984863351546e-04	1.633398912526e-08	1.963650438526e-03
472	9.977829728121e-01	2.217027187934e-03	2.443872041754e+05	2.945422980808e+00	1.227750336809e-08	2.651324377793e-04	1.447183481774e-08	1.951868000816e-03
473	9.963280423679e-01	3.671957632092e-03	-6.225904977966e+05	3.046430877267e+00	2.957487510130e-08	6.298881465138e-04	3.469391244640e-08	3.042005216791e-03
474	9.971942767486e-01	2.805723251439e-03	-4.342890962195e+05	2.958935639816e+00	1.243897664598e-08	2.687973925893e-04	1.458874817746e-08	2.536898831125e-03
475	9.966802164185e-01	3.319783581494e-03	5.690197882660e+05	2.909753618199e+00	4.662401631531e-08	9.884990869060e-04	5.483985384067e-08	2.331183030718e-03
476	9.851463557121e-01	1.485364428792e-02	-1.761515450771e+06	2.976770791204e+00	2.818548637936e-07	5.945414612518e-03	3.308514990116e-07	8.907616969044e-03
477	9.962138137760e-01	3.786186223985e-03	-6.419656541283e+05	3.081360084420e+00	3.183149403601e-08	6.774461073581e-04	3.734264531543e-08	3.108670942488e-03
478	9.979970157331e-01	2.002984266862e-03	7.960546251992e+04	2.942980952668e+00	3.458749682639e-09	7.942342529268e-05	4.097893991763e-09	1.923553284926e-03
479	9.977096039815e-01	2.290396018457e-03	-2.670464146649e+05	2.848386465915e+00	3.457799126251e-09	7.950827088411e-05	4.057973771080e-09	2.210880231800e-03
480	9.970219094538e-01	2.978090546181e-03	4.966307783580e+05	3.056382984756e+00	3.655547851917e-08	7.764819723542e-04	4.301097718311e-08	2.201529007371e-03
481	9.971155852557e-01	2.884414744305e-03	-4.597269272360e+05	2.845134887845e+00	1.416861439647e-08	3.052164632089e-04	1.661548921181e-08	2.579167496993e-03
482	9.974214043992e-01	2.578595600805e-03	-3.538825438339e+05	3.186006993916e+00	7.668041481309e-09	1.683350765614e-04	8.999195398954e-09	2.410243857007e-03
483	9.965096071965e-01	3.490392803516e-03	-5.865598125401e+05	3.059821059774e+00	2.579115134336e-08	5.501679070896e-04	3.025455466324e-08	2.940168850721e-03
484	9.974045073494e-01	2.595492650572e-03	3.912287214389e+05	3.020734053941e+00	2.477226928725e-08	5.283010069818e-04	2.916179598269e-08	2.067137709525e-03
485	9.956932544657e-01	4.306745534278e-03	-7.284298150817e+05	3.132266854353e+00	4.259746645439e-08	9.043011779350e-04	4.997775628575e-08	3.402351781120e-03
486	9.921774196631e-01	7.822580336863e-03	1.183899162176e+06	3.084326560307e+00	1.723651078828e-07	3.636875986686e-03	2.025645061715e-07	4.185329420564e-03
487	9.978653984342e-01	2.134601565783e-03	-1.638290765828e+05	3.181404322626e+00	8.544275045307e-10	2.472859055098e-05	1.017973690767e-09	2.109871102831e-03
488	9.963737646723e-01	3.626235327717e-03	-6.182523413702e+05	2.955272417100e+00	2.889143311310e-08	6.154628425670e-04	3.389012306085e-08	3.010709703594e-03
489	9.922732003933e-01	7.726799606658e-03	-1.166606813455e+06	2.994711234689e+00	1.185467845456e-07	2.504495404650e-03	1.391224128235e-07	5.222046532810e-03
490	9.974702560543e-01	2.529743945731e-03	-3.471009420729e+05	3.054438365935e+00	7.141548316210e-09	1.571955876211e-04	8.378786981221e-09	2.372532837774e-03
491	9.964147808412e-01	3.585219158828e-03	-6.089334643063e+05	2.986563542510e+00	2.795848719594e-08	5.958138125239e-04	3.279603410949e-08	2.989344591783e-03
492	9.974323193929e-01	2.567680607051e-03	3.806893620622e+05	2.953985602098e+00	2.389463900849e-08	5.097981838729e-04	2.812890589039e-08	2.057830399633e-03
493	9.978395328118e-01	2.160467188191e-03	2.153000981748e+05	3.012817734581e+00	1.017345423462e-08	2.208405791003e-04	1.199900265245e-08	1.939604436634e-03
494	9.971576316231e-01	2.842368376945e-03	-4.397027434733e+05	3.044671799413e+00	1.294123474933e-08	2.794048027441e-04	1.517954101995e-08	2.562935453425e-03
495	9.977454490942e-01	2.254550905767e-03	2.634434462097e+05	2.990530833895e+00	1.357195041369e-08	2.924059589923e-04	1.599473797704e-08	1.962115380087e-03
496	9.979928634349e-01	2.007136565125e-03	-5.902077893099e+04	3.046027708244e+00	3.971424329731e-10	1.501003842385e-05	4.893818854915e-10	1.992125640177e-03
497	9.920047259729e-01	7.995274027112e-03	-1.181312900029e+06	3.228345554901e+00	1.233074236403e-07	2.604871283152e-03	1.447168130780e-07	5.390134719723e-03
498	9.976830637799e-01	2.316936220053e-03	-2.640860257816e+05	3.108533223842e+00	3.461933022168e-09	7.966770448082e-05	4.067656540973e-09	2.237260985983e-03
499	9.975150357174e-01	2.484964282613e-03	3.582708695871e+05	3.133771177049e+00	2.119676027941e-08	4.530343765861e-04	2.496169963031e-08	2.031883747567e-03
