# MonteCarloResult saved 2026-02-10T12:41:07.077283
# n_shots = 500
# mean_fidelity = 9.999995434928e-01
# std_fidelity = 7.106007209495e-07
# mean_infidelity = 4.565072475307e-07
# std_infidelity = 7.106007209495e-07
# mean_branch_XYZ = 3.155503106061e-12
# std_branch_XYZ = 4.831261488257e-12
# mean_branch_AL = 6.709998293322e-08
# std_branch_AL = 1.067607241895e-07
# mean_branch_LG = 3.702528442700e-12
# std_branch_LG = 5.652990775272e-12
# mean_branch_phase = 3.894004171480e-07
# std_branch_phase = 6.041873138831e-07
# columns: shot fidelity infidelity distance_sample branch_XYZ branch_AL branch_LG branch_phase
0	9.999995545224e-01	4.454776471041e-07	3.092998864832e+00	2.991005131867e-12	7.325240396119e-08	3.477694289023e-12	3.722187744435e-07
1	9.999997078973e-01	2.921026527325e-07	2.917037060795e+00	2.120739704159e-12	3.518377751237e-08	2.522085197639e-12	2.569142323952e-07
2	9.999999386364e-01	6.136355346076e-08	2.964751518791e+00	4.983927116246e-13	5.854986971804e-09	6.027830356205e-13	5.550746531321e-08
3	9.999999601641e-01	3.983586083223e-08	3.030656572916e+00	2.834232663221e-13	8.624411720014e-09	3.264216287476e-13	3.121083926732e-08
4	9.999994079361e-01	5.920639063461e-07	2.876833233144e+00	4.205658668515e-12	7.528601946765e-08	4.980626636417e-12	5.167687005932e-07
5	9.999996473537e-01	3.526462785119e-07	2.907910602963e+00	2.542728371187e-12	4.318555916277e-08	3.020075503682e-12	3.094551565453e-07
6	9.999991304595e-01	8.695404755121e-07	2.846404064290e+00	6.126172219039e-12	1.130068875549e-07	7.242703709175e-12	7.565202190813e-07
7	9.999999539045e-01	4.609550996459e-08	2.969909798547e+00	3.888876053968e-13	4.094021951561e-09	4.725118101904e-13	4.200062661362e-08
8	9.999999995742e-01	4.258262631396e-10	3.001096254009e+00	4.504301530578e-14	2.392941088312e-10	5.789997774135e-14	1.864292113153e-10
9	9.999996071876e-01	3.928123589736e-07	3.087825464033e+00	2.636310873611e-12	6.512337597437e-08	3.063753686125e-12	3.276832829347e-07
10	9.999994483817e-01	5.516183407828e-07	3.102454787377e+00	3.706986941843e-12	8.954937692152e-08	4.313646042508e-12	4.620609432283e-07
11	9.999994329736e-01	5.670263968360e-07	2.879815109769e+00	4.032074851268e-12	7.190441130827e-08	4.776076829043e-12	4.951131773761e-07
12	9.999996936254e-01	3.063746221166e-07	3.078403509124e+00	2.055130606816e-12	5.169780508931e-08	2.385858282011e-12	2.546723760384e-07
13	9.999990437418e-01	9.562581838596e-07	2.837635565831e+00	6.725393551317e-12	1.248656754439e-07	7.948202300371e-12	8.313778348199e-07
14	9.999996768212e-01	3.231787792934e-07	3.080342156596e+00	2.167987494485e-12	5.431764381775e-08	2.517456281905e-12	2.688564500319e-07
15	9.999977940423e-01	2.205957669088e-06	3.188785972701e+00	1.494392141337e-11	3.381330636713e-07	1.745713947919e-11	1.867792204356e-06
16	9.999998928983e-01	1.071016555443e-07	2.952152148910e+00	8.233144844459e-13	1.138610422586e-08	9.883200102481e-13	9.571373968393e-08
17	9.999991308628e-01	8.691371786718e-07	3.125649107736e+00	5.855079457317e-12	1.378463422730e-07	6.823613347550e-12	7.312781577060e-07
18	9.999999473313e-01	5.266871061504e-08	3.034849008444e+00	3.667358676528e-13	1.086800222220e-08	4.225388392109e-13	4.179991911814e-08
19	9.999995534385e-01	4.465614688032e-07	3.093101582252e+00	2.998305718798e-12	7.341932951863e-08	3.486215590973e-12	3.731356547632e-07
20	9.999998297955e-01	1.702045432372e-07	3.059848353761e+00	1.143759496786e-12	3.021545355238e-08	1.324238160151e-12	1.399866216872e-07
21	9.999991649168e-01	8.350831635084e-07	3.123429689808e+00	5.624358731289e-12	1.326899905178e-07	6.553919470041e-12	7.023809947124e-07
22	9.999996034594e-01	3.965406312201e-07	3.088204175978e+00	2.661381632657e-12	6.569979184187e-08	3.093009342229e-12	3.308350849872e-07
23	9.999998899161e-01	1.100839444046e-07	3.048951049683e+00	7.442990228193e-13	2.048836956623e-08	8.599558141132e-13	8.959397058352e-08
24	9.999971157977e-01	2.884202272568e-06	3.211529416158e+00	1.956932196633e-11	4.389449713268e-07	2.287235557001e-11	2.445214859564e-06
25	9.999994475279e-01	5.524720794181e-07	2.881571580382e+00	3.931145786520e-12	6.994081796169e-08	4.657134977292e-12	4.825226731757e-07
26	9.999987238653e-01	1.276134672157e-06	2.807291677943e+00	8.933004294047e-12	1.688046967105e-07	1.054651409867e-11	1.107310495928e-06
27	9.999994391205e-01	5.608795384804e-07	2.880554805444e+00	3.989438944722e-12	7.107495060660e-08	4.725834968943e-12	4.897958725999e-07
28	9.999999626826e-01	3.731739628421e-08	2.973251407384e+00	3.255597914307e-13	3.115327848109e-09	3.970398458083e-13	3.420134583646e-08
29	9.999998833030e-01	1.166970289290e-07	3.050286801913e+00	7.880767183152e-13	2.157081862662e-08	9.107860845936e-13	9.512451143960e-08
30	9.999998728041e-01	1.271958817162e-07	2.947433081992e+00	9.652161786968e-13	1.388941662126e-08	1.156400704195e-12	1.133043434780e-07
31	9.999988773286e-01	1.122671416609e-06	3.140752865072e+00	7.574541360900e-12	1.761069639776e-07	8.834069228624e-12	9.465480440209e-07
32	9.999999964270e-01	3.573045637140e-09	2.993800219799e+00	7.405744848805e-14	4.373891325678e-11	9.461372197763e-14	3.529138052712e-09
33	9.999984643343e-01	1.535665710595e-06	2.784324639614e+00	1.072168288355e-11	2.046218721021e-07	1.265103043171e-11	1.331020465779e-06
34	9.999991789122e-01	8.210877678883e-07	3.122502113461e+00	5.529634355385e-12	1.305702080912e-07	6.443200309272e-12	6.905055869623e-07
35	9.999996787497e-01	3.212503223438e-07	3.080122583281e+00	2.155028232456e-12	5.401737804012e-08	2.502344741501e-12	2.672282869307e-07
36	9.999992563101e-01	7.436898590285e-07	2.859689143366e+00	5.255773265621e-12	9.584991201768e-08	6.217707501549e-12	6.478284735301e-07
37	9.999990611180e-01	9.388819500744e-07	2.839370359384e+00	6.605351624538e-12	1.224873280877e-07	7.806877396026e-12	8.163802097577e-07
38	9.999999101576e-01	8.984236998799e-08	3.044569937952e+00	6.105688956699e-13	1.714960664091e-08	7.047967439470e-13	7.269144798144e-08
39	9.999999322820e-01	6.771802085748e-08	2.962786545060e+00	5.437725832313e-13	6.604147020175e-09	6.567039999827e-13	6.111267336072e-08
40	9.999997003618e-01	2.996381824882e-07	2.915860615319e+00	2.173305261784e-12	3.617600251963e-08	2.584133576539e-12	2.634574225298e-07
41	9.999999714638e-01	2.853620850729e-08	2.976998984461e+00	2.617783380664e-13	2.172605025888e-09	3.208857750068e-13	2.636302081729e-08
42	9.999997377247e-01	2.622753292325e-07	2.921825381720e+00	1.912544695246e-12	3.126813071252e-08	2.276282362634e-12	2.310030096929e-07
43	9.999998485288e-01	1.514712429929e-07	3.056716447786e+00	1.018978690463e-12	2.720849587205e-08	1.179110715963e-12	1.242605490314e-07
44	9.999999937762e-01	6.223757509360e-09	3.013296175592e+00	7.192140129365e-14	2.176383196893e-09	8.489801810303e-14	4.047217493048e-09
45	9.999998697195e-01	1.302804815140e-07	3.052907788782e+00	8.781541576946e-13	2.378259899690e-08	1.015419242185e-12	1.064959889437e-07
46	9.999999964494e-01	3.550575833344e-09	3.010388537948e+00	5.670140682194e-14	1.526550831233e-09	6.813022114235e-14	2.023900170484e-09
47	9.999999787922e-01	2.120780440151e-08	2.980584008105e+00	2.080638863264e-13	1.426891858579e-09	2.565949546846e-13	1.978044788409e-08
48	9.999999575623e-01	4.243767914858e-08	3.031558688885e+00	3.002760412798e-13	9.083809530704e-09	3.458429236026e-13	3.335322349891e-08
49	9.999999872942e-01	1.270581928559e-08	2.985630936500e+00	1.448267050907e-13	6.414078418320e-10	1.805981646358e-13	1.206408601888e-08
50	9.999999936735e-01	6.326546508895e-09	2.990726023218e+00	9.601218391657e-14	1.690488314967e-10	1.214892509972e-13	6.157280175963e-09
51	9.999991027688e-01	8.972312005584e-07	3.127441794458e+00	6.045487980316e-12	1.420966343666e-07	7.046198569150e-12	7.551214745053e-07
52	9.999998136455e-01	1.863544752956e-07	2.935210661583e+00	1.381189697415e-12	2.140967512205e-08	1.648512704297e-12	1.649417704711e-07
53	9.999997940283e-01	2.059717425507e-07	2.931554356442e+00	1.518681705539e-12	2.393917706148e-08	1.811026395839e-12	1.820292357811e-07
54	9.999992700335e-01	7.299664503968e-07	3.116222806972e+00	4.912659854988e-12	1.167429279301e-07	5.722140768267e-12	6.132128876661e-07
55	9.999999976743e-01	2.325699965944e-09	3.008621433574e+00	5.017572131127e-14	1.189944060576e-09	6.113409629465e-14	1.135644595550e-09
56	9.999999656210e-01	3.437896201053e-08	2.974452798954e+00	3.042779361058e-13	2.795271037686e-09	3.716480983387e-13	3.158301504681e-08
57	9.999998860454e-01	1.139545600104e-07	2.950500736012e+00	8.717518090482e-13	1.223606950342e-08	1.045708802495e-12	1.017165730464e-07
58	9.999998853122e-01	1.146877597336e-07	2.950326765437e+00	8.769383139769e-13	1.232722735694e-08	1.051851970956e-12	1.023586035863e-07
59	9.999999788562e-01	2.114384023422e-08	2.980617763151e+00	2.075909505690e-13	1.420597277772e-09	2.560280968616e-13	1.972277933740e-08
60	9.999998900057e-01	1.099943007787e-07	2.951449355686e+00	8.437902943406e-13	1.174427584231e-08	1.012578740693e-12	9.824816856739e-08
61	9.999990373870e-01	9.626130216267e-07	3.131489179199e+00	6.488681455991e-12	1.519763311947e-07	7.564331445621e-12	8.106226374191e-07
62	9.999974650890e-01	2.534911000329e-06	3.200298134736e+00	1.718651903849e-11	3.870694727791e-07	2.008247753025e-11	2.147804258554e-06
63	9.999995593967e-01	4.406033017323e-07	2.895732326703e+00	3.154543106323e-12	5.490888754954e-08	3.741678481677e-12	3.856875179612e-07
64	9.999988366519e-01	1.163348051780e-06	2.817685813068e+00	8.155068132884e-12	1.532817862518e-07	9.631028484218e-12	1.010048479432e-06
65	9.999999429686e-01	5.703140404378e-08	2.966146502531e+00	4.673883605949e-13	5.349112296344e-09	5.659234396607e-13	5.168125843564e-08
66	9.999993165088e-01	6.834911596698e-07	3.112842699002e+00	4.598258397683e-12	1.096752748022e-07	5.354768126393e-12	5.738059318411e-07
67	9.999994547149e-01	5.452851202792e-07	2.882445475483e+00	3.881282481561e-12	6.897182812035e-08	4.598370904489e-12	4.763048125054e-07
68	9.999997322225e-01	2.677774513238e-07	2.920925341684e+00	1.950942549921e-12	3.198886882788e-08	2.321624129562e-12	2.357843099292e-07
69	9.999999062386e-01	9.376143250694e-08	2.955512358574e+00	7.288764148061e-13	9.744581379815e-09	8.763766887886e-13	8.401524587403e-08
70	9.999986273367e-01	1.372663269383e-06	3.153753808827e+00	9.272413199938e-12	2.136652441685e-07	1.082003076332e-11	1.158977932771e-06
71	9.999996251203e-01	3.748796835179e-07	3.085974922593e+00	2.515589199219e-12	6.234721502046e-08	2.922904176511e-12	3.125270300041e-07
72	9.999999892255e-01	1.077452171927e-08	3.016961018742e+00	9.919841899099e-14	3.167036535574e-09	1.155175353418e-13	7.607270467741e-09
73	9.999997721789e-01	2.278211231888e-07	2.927656878743e+00	1.671678869178e-12	2.677219675144e-08	1.991798658274e-12	2.010452629598e-07
74	9.999999381453e-01	6.185473588882e-08	2.964596320700e+00	5.019038440684e-13	5.912568214712e-09	6.069560289627e-13	5.594105881424e-08
75	9.999993866005e-01	6.133995108515e-07	2.874329776143e+00	4.353541977762e-12	7.817113415654e-08	5.154875378873e-12	5.352188682776e-07
76	9.999990163610e-01	9.836389738282e-07	2.834923039175e+00	6.914542073684e-12	1.286154537772e-07	8.170872365583e-12	8.550084346366e-07
77	9.999987347241e-01	1.265275889506e-06	3.148360459988e+00	8.542803298432e-12	1.975482039875e-07	9.966548106454e-12	1.067709176167e-06
78	9.999999715414e-01	2.845857516309e-08	2.977034437427e+00	2.612082245075e-13	2.164474819369e-09	3.202048169792e-13	2.629351893068e-08
79	9.999999842032e-01	1.579676189856e-08	2.983644031296e+00	1.679953881128e-13	9.133790578661e-10	2.084914335346e-13	1.488300635387e-08
80	9.999994934846e-01	5.065153598771e-07	3.098576440931e+00	3.402622114066e-12	8.263657175151e-08	3.958223123829e-12	4.238714272804e-07
81	9.999993747720e-01	6.252280003727e-07	3.108410700337e+00	4.204291732418e-12	1.007971286169e-07	4.894501084280e-12	5.244217729630e-07
82	9.999998568132e-01	1.431867703294e-07	3.055264220390e+00	9.638931151844e-13	2.587223869793e-08	1.115064895479e-12	1.173124526735e-07
83	9.999995845090e-01	4.154909827303e-07	2.899099835790e+00	2.979972839096e-12	5.155182991302e-08	3.535825161916e-12	3.639326370193e-07
84	9.999993446715e-01	6.553284572774e-07	3.110728979178e+00	4.407782860324e-12	1.053862513279e-07	5.132227030179e-12	5.499326659397e-07
85	9.999999855637e-01	1.443627528630e-08	3.019335178921e+00	1.217670975721e-13	3.912873586710e-09	1.410955709141e-13	1.052313883692e-08
86	9.999997541220e-01	2.458779977399e-07	2.924556755546e+00	1.797968294935e-12	2.912447979505e-08	2.140973809655e-12	2.167495790027e-07
87	9.999999940474e-01	5.952621284777e-09	3.013037591057e+00	7.033607710812e-14	2.113674403143e-09	8.313533638038e-14	3.838793410221e-09
88	9.999996247269e-01	3.752730669548e-07	2.904669687515e+00	2.700233887376e-12	4.619149400365e-08	3.205886961652e-12	3.290756668303e-07
89	9.999986830975e-01	1.316902504378e-06	3.150986519846e+00	8.893517524433e-12	2.052994013842e-07	1.037679321267e-11	1.111583832683e-06
90	9.999993002657e-01	6.997342845150e-07	2.864514566932e+00	4.951514869087e-12	8.987507211161e-08	5.859337368407e-12	6.098484015511e-07
91	9.999998868907e-01	1.131092696172e-07	3.049567335805e+00	7.643486186625e-13	2.098418021177e-08	8.832330559563e-13	9.212344182372e-08
92	9.999999577078e-01	4.229223549146e-08	3.031509044824e+00	2.993348307737e-13	9.058178821374e-09	3.447577475325e-13	3.323341257751e-08
93	9.999999691841e-01	3.081590049803e-08	2.975978028130e+00	2.783876824660e-13	2.413157387795e-09	3.407345287779e-13	2.840212398802e-08
94	9.999992232342e-01	7.767657874691e-07	2.856125485526e+00	5.484637092992e-12	1.003522889113e-07	6.487248494117e-12	6.764015266722e-07
95	9.999998384115e-01	1.615885381057e-07	3.058432544322e+00	1.086331145381e-12	2.883472812007e-08	1.257436474641e-12	1.327514662180e-07
96	9.999998494294e-01	1.505706206384e-07	3.056560697119e+00	1.012985892585e-12	2.706345361908e-08	1.172142131170e-12	1.235049818913e-07
97	9.999998545228e-01	1.454771886289e-07	2.943426152319e+00	1.094050182844e-12	1.619265502897e-08	1.308896418513e-12	1.292821306533e-07
98	9.999999995658e-01	4.342037840388e-10	3.001014668411e+00	4.518084203775e-14	2.331832479922e-10	5.809184894896e-14	2.009172633556e-10
99	9.999999857520e-01	1.424797479999e-08	2.984612688885e+00	1.563957906310e-13	7.745438186219e-10	1.945362454399e-13	1.347308004933e-08
100	9.999993972669e-01	6.027330984315e-07	3.106635660812e+00	4.052279577223e-12	9.736423806883e-08	4.716930042979e-12	5.053600911531e-07
101	9.999995889292e-01	4.110707627625e-07	2.899700960698e+00	2.949262479064e-12	5.096163747803e-08	3.499605254218e-12	3.601026764167e-07
102	9.999997090663e-01	2.909337399881e-07	2.917220691483e+00	2.112587449627e-12	3.502993684004e-08	2.512461907428e-12	2.558991780987e-07
103	9.999997605732e-01	2.394267561989e-07	3.070022821341e+00	1.606294112773e-12	4.120274738692e-08	1.862740362671e-12	1.982205397775e-07
104	9.999999964037e-01	3.596340225620e-09	3.010447129477e+00	5.695334497367e-14	1.538460872495e-09	6.840388240280e-14	2.057753995898e-09
105	9.999997168898e-01	2.831101859613e-07	2.918457864506e+00	2.057994146472e-12	3.400122773891e-08	2.448014107189e-12	2.491044522141e-07
106	9.999999556806e-01	4.431940281435e-08	2.970559577446e+00	3.760882426230e-13	3.893750891752e-09	4.572680915258e-13	4.042481856627e-08
107	9.999963893275e-01	3.610672502430e-06	3.232362815155e+00	2.452986017883e-11	5.466303354320e-07	2.868138579012e-11	3.063988955752e-06
108	9.999988580641e-01	1.141935863536e-06	2.819693041202e+00	8.007322347756e-12	1.503382393867e-07	9.457145744982e-12	9.915801596808e-07
109	9.999994437571e-01	5.562429096218e-07	3.102842001580e+00	3.738239372066e-12	9.025693687654e-08	4.350137884681e-12	4.659778843680e-07
110	9.999996991462e-01	3.008537635685e-07	2.915672011676e+00	2.181782888610e-12	3.633618110530e-08	2.594140170221e-12	2.645128065401e-07
111	9.999997372010e-01	2.627989891257e-07	2.921739376606e+00	1.916199644842e-12	3.133670921860e-08	2.280599147027e-12	2.314580831083e-07
112	9.999998349996e-01	1.650003911280e-07	2.939389471273e+00	1.231297455717e-12	1.867408138266e-08	1.471266809503e-12	1.463236071811e-07
113	9.999988527682e-01	1.147231798448e-06	3.142102871456e+00	7.741274447737e-12	1.798031561089e-07	9.029064983139e-12	9.674118720001e-07
114	9.999999413211e-01	5.867891872402e-08	2.965610298524e+00	4.791509572212e-13	5.540984257024e-09	5.799139565506e-13	5.313687540208e-08
115	9.999997125380e-01	2.874620057547e-07	3.076149128046e+00	1.928191443077e-12	4.874300121228e-08	2.237868455061e-12	2.387148384825e-07
116	9.999996351450e-01	3.648549631308e-07	2.906151637207e+00	2.627721042426e-12	4.480652496310e-08	3.120347168544e-12	3.200426900995e-07
117	9.999999985026e-01	1.497354684687e-09	2.997221124033e+00	5.635702898945e-14	4.810010414715e-11	7.259753250372e-14	1.449125625979e-09
118	9.999999956286e-01	4.371438100392e-09	3.011381879500e+00	6.125606976871e-14	1.735247926427e-09	7.310396598008e-14	2.636055813930e-09
119	9.999998432614e-01	1.567385993217e-07	2.941070138720e+00	1.173239836640e-12	1.762147671802e-08	1.402592577554e-12	1.391145467713e-07
120	9.999999725690e-01	2.743102056613e-08	2.977508170718e+00	2.537041462141e-13	2.057362130524e-09	3.112334584906e-13	2.537309349800e-08
121	9.999996267290e-01	3.732710188720e-07	2.904953152845e+00	2.686306123215e-12	4.592525109677e-08	3.189457333139e-12	3.273398920117e-07
122	9.999983097658e-01	1.690234235019e-06	3.168339530853e+00	1.143201829272e-11	2.612077131604e-07	1.334682657226e-11	1.429001743014e-06
123	9.999998073065e-01	1.926934842800e-07	3.063368701843e+00	1.293805636432e-12	3.380452515192e-08	1.498845663842e-12	1.588861664768e-07
124	9.999996396537e-01	3.603462838120e-07	3.084438184168e+00	2.417830441433e-12	6.009457104394e-08	2.808860058878e-12	3.002464860775e-07
125	9.999999793228e-01	2.067716975418e-08	2.980865591451e+00	2.041458454283e-13	1.374826088411e-09	2.518976811001e-13	1.930188762224e-08
126	9.999999902889e-01	9.711095927400e-09	2.987803846486e+00	1.221196259022e-13	4.000990719212e-10	1.531767277066e-13	9.310721559126e-09
127	9.999999863675e-01	1.363252655207e-08	3.018844186293e+00	1.167631651706e-13	3.751736075899e-09	1.354117797801e-13	9.880538301221e-09
128	9.999997622627e-01	2.377373348184e-07	3.069795459663e+00	1.594964653031e-12	4.093635442497e-08	1.849542895672e-12	1.967975358858e-07
129	9.999996354156e-01	3.645843804634e-07	2.906190355271e+00	2.625837882886e-12	4.477057631059e-08	3.118125439605e-12	3.198080601895e-07
130	9.999977372959e-01	2.262704086320e-06	3.190845481427e+00	1.533064715964e-11	3.465823016541e-07	1.790985016691e-11	1.916088544168e-06
131	9.999999160865e-01	8.391352146475e-08	2.958136702692e+00	6.590395479936e-13	8.545759614370e-09	7.935408981314e-13	7.536630926993e-08
132	9.999999581755e-01	4.182447854717e-08	2.971493659244e+00	3.581188392832e-13	3.614051747323e-09	4.358573554092e-13	3.820963282365e-08
133	9.999999971990e-01	2.800950138493e-09	3.009359673099e+00	5.263413373702e-14	1.325452368577e-09	6.374486594650e-14	1.475381390917e-09
134	9.999988628088e-01	1.137191158573e-06	3.141553076859e+00	7.673137008451e-12	1.782926952403e-07	8.949377869746e-12	9.588818408182e-07
135	9.999999442857e-01	5.571428385309e-08	2.966580464754e+00	4.579531673236e-13	5.196300867304e-09	5.547035995982e-13	5.051697032902e-08
136	9.999994485683e-01	5.514317379385e-07	3.102439123693e+00	3.705731812641e-12	8.952082237741e-08	4.312179156840e-12	4.619028976501e-07
137	9.999998453394e-01	1.546606221980e-07	3.057263997414e+00	1.040218662713e-12	2.772157016104e-08	1.203807512934e-12	1.269368080108e-07
138	9.999997807585e-01	2.192414763069e-07	3.067245506042e+00	1.471179761162e-12	3.801567045011e-08	1.705362914239e-12	1.812226293141e-07
139	9.999998986268e-01	1.013732411348e-07	2.953570042855e+00	7.827925142058e-13	1.067892366299e-08	9.402954284732e-13	9.069259438386e-08
140	9.999999751332e-01	2.486680916736e-08	3.024723115877e+00	1.873701176503e-13	5.913756939562e-09	2.160106215309e-13	1.895264884706e-08
141	9.999999259482e-01	7.405181101650e-08	2.960912195453e+00	5.888974168495e-13	7.358445457097e-09	7.102951640813e-13	6.669206636682e-08
142	9.999995295915e-01	4.704085421192e-07	2.891833481092e+00	3.361578999663e-12	5.890225483792e-08	3.985785017311e-12	4.114989399173e-07
143	9.999994153172e-01	5.846828394773e-07	2.877707220870e+00	4.154512575440e-12	7.428869180418e-08	4.920358445822e-12	5.103850728021e-07
144	9.999999975468e-01	2.453166669802e-09	2.995430181337e+00	6.472911271300e-14	2.679445964983e-11	8.307524383089e-14	2.426224405796e-09
145	9.999998160009e-01	1.839990964037e-07	2.935660802463e+00	1.364681471212e-12	2.110690773402e-08	1.628993484342e-12	1.628891949947e-07
146	9.999967065534e-01	3.293446599328e-06	3.223632794961e+00	2.236296929424e-11	4.996365089994e-07	2.614369934596e-11	2.793761583660e-06
147	9.999985683369e-01	1.431663052998e-06	3.156608558263e+00	9.673431310795e-12	2.225105862708e-07	1.128917403703e-11	1.209131504121e-06
148	9.999999583045e-01	4.169545875232e-08	2.971542675939e+00	3.571864281939e-13	3.599659393162e-09	4.347463893224e-13	3.809500742634e-08
149	9.999991627933e-01	8.372066732099e-07	3.123569629573e+00	5.638735615472e-12	1.330115486904e-07	6.570724612372e-12	7.041829150592e-07
150	9.999999758932e-01	2.410677057973e-08	2.979103055537e+00	2.293734662632e-13	1.716227473288e-09	2.821216402674e-13	2.239003161134e-08
151	9.999996571621e-01	3.428379353743e-07	3.082539813218e+00	2.300111261221e-12	5.737609348459e-08	2.671546554568e-12	2.854568702319e-07
152	9.999995617462e-01	4.382538015824e-07	3.092310578679e+00	2.942386025330e-12	7.213967994927e-08	3.420944199881e-12	3.661077583029e-07
153	9.999998872768e-01	1.127231935572e-07	2.950794058580e+00	8.630531163206e-13	1.208303894281e-08	1.035403272250e-12	1.006382561580e-07
154	9.999999669182e-01	3.308177065620e-08	2.974998828368e+00	2.948636985998e-13	2.655220092728e-09	3.604098298830e-13	3.042589528994e-08
155	9.999998412745e-01	1.587254704338e-07	2.940662421592e+00	1.187222031683e-12	1.787433109761e-08	1.419131571333e-12	1.408485329826e-07
156	9.999997765388e-01	2.234611862217e-07	2.928421165652e+00	1.641146843721e-12	2.620570951103e-08	1.955731234199e-12	1.972518798326e-07
157	9.999998806061e-01	1.193939449529e-07	3.050819809662e+00	8.059437089942e-13	2.201090574295e-08	9.315351903771e-13	9.738130173101e-08
158	9.999996851006e-01	3.148993662494e-07	3.079394217543e+00	2.112372213208e-12	5.302757876453e-08	2.452604468656e-12	2.618672225082e-07
159	9.999996380623e-01	3.619377213493e-07	2.906569708504e+00	2.607430224987e-12	4.441902687281e-08	3.096407534663e-12	3.175129906387e-07
160	9.999995785217e-01	4.214782737266e-07	3.090686977199e+00	2.829308130801e-12	6.955200725643e-08	3.288971259562e-12	3.519201481908e-07
161	9.999998937277e-01	1.062723137268e-07	2.952355239261e+00	8.174511440816e-13	1.128355526485e-08	9.813715734799e-13	9.498695963927e-08
162	9.999984136436e-01	1.586356422667e-06	2.779966341990e+00	1.107084049828e-11	2.116310894469e-07	1.306177804557e-11	1.374701200602e-06
163	9.999993905941e-01	6.094059435968e-07	2.874795840584e+00	4.325890214071e-12	7.763089732314e-08	5.122291274045e-12	5.317655980922e-07
164	9.999993565032e-01	6.434967880775e-07	2.870853170114e+00	4.562085140734e-12	8.224612453093e-08	5.400576193622e-12	5.612407008852e-07
165	9.999999536256e-01	4.637442618804e-08	3.032869744793e+00	3.257923325671e-13	9.774421916957e-09	3.752719072418e-13	3.659930320685e-08
166	9.999998112875e-01	1.887124910782e-07	3.062762602252e+00	1.267183630884e-12	3.317052213092e-08	1.467859758467e-12	1.555392339039e-07
167	9.999999391830e-01	6.081700543170e-08	3.037233305990e+00	4.199366640182e-13	1.226758567456e-08	4.840240848214e-13	4.854851579639e-08
168	9.999999962740e-01	3.726038588781e-09	2.993601177467e+00	7.529975778585e-14	4.821518096728e-11	9.614417296420e-14	3.677651963882e-09
169	9.999999828817e-01	1.711828911954e-08	3.020876900469e+00	1.384587630780e-13	4.441248301958e-09	1.600934176331e-13	1.267674226541e-08
170	9.999996290004e-01	3.709995626267e-07	2.905275518486e+00	2.670514410937e-12	4.562325123378e-08	3.170827356027e-12	3.253704700511e-07
171	9.999999602349e-01	3.976508378134e-08	3.030631606073e+00	2.829647122444e-13	8.611882356062e-09	3.258935512793e-13	3.115259256701e-08
172	9.999999081789e-01	9.182108884342e-08	3.045020176031e+00	6.236495947862e-13	1.747813838066e-08	7.199647781797e-13	7.434160684839e-08
173	9.999993744733e-01	6.255267347433e-07	2.872921421603e+00	4.437578381984e-12	7.981239762985e-08	5.253887966053e-12	5.457046456471e-07
174	9.999999894794e-01	1.052064013685e-08	3.016781541957e+00	9.765129745518e-14	3.113954793091e-09	1.137703285189e-13	7.406473922129e-09
175	9.999995274043e-01	4.725956599394e-07	2.891551302474e+00	3.376803124203e-12	5.919568036686e-08	4.003727575228e-12	4.133925990418e-07
176	9.999990483265e-01	9.516735326454e-07	2.838092255797e+00	6.693708834837e-12	1.242380752870e-07	7.910902249118e-12	8.274208527473e-07
177	9.999998948122e-01	1.051878372182e-07	2.952621905379e+00	8.097901293109e-13	1.114951628813e-08	9.722921256611e-13	9.403653884786e-08
178	9.999988190376e-01	1.180962405867e-06	3.143928964917e+00	7.970296580373e-12	1.848777176681e-07	9.296918306405e-12	9.960674209838e-07
179	9.999999546621e-01	4.533787545391e-08	3.032530429003e+00	3.190558964966e-13	9.593245240417e-09	3.675012585398e-13	3.574394365634e-08
180	9.999995794913e-01	4.205086573394e-07	3.090592020750e+00	2.822783655832e-12	6.940239180307e-08	3.281356578749e-12	3.511001613961e-07
181	9.999998922365e-01	1.077635199964e-07	2.951990583514e+00	8.279977016271e-13	1.146797988435e-08	9.938693096323e-13	9.629371824506e-08
182	9.999999726499e-01	2.735008997057e-08	3.025817371233e+00	2.032313321264e-13	6.373472333804e-09	2.341985100349e-13	2.097618020692e-08
183	9.999993538738e-01	6.461262367363e-07	3.110026905008e+00	4.345597919304e-12	1.039843150480e-07	5.059575381945e-12	5.421325165150e-07
184	9.999975952167e-01	2.404783275400e-06	3.195863597362e+00	1.629914361276e-11	3.677210778444e-07	1.904360930742e-11	2.037026854803e-06
185	9.999999948806e-01	5.119361379258e-09	3.012200060043e+00	6.553691035991e-14	1.917255641632e-09	7.781732145684e-14	3.201962383394e-09
186	9.999999311392e-01	6.886077086321e-08	3.039425622652e+00	4.726056120138e-13	1.363482278677e-08	5.449583839981e-13	5.522493051244e-08
187	9.999999620386e-01	3.796144909529e-08	3.029987231306e+00	2.713342113056e-13	8.291652287777e-09	3.124962416407e-13	2.966921297706e-08
188	9.999996765011e-01	3.234988539269e-07	2.912215048905e+00	2.339645559884e-12	3.932517289481e-08	2.780453613194e-12	2.841685609329e-07
189	9.999999134210e-01	8.657896366504e-08	2.957412945797e+00	6.779455621230e-13	8.869027355777e-09	8.159709197635e-13	7.770844239278e-08
190	9.999998653950e-01	1.346050018114e-07	2.945779736075e+00	1.017456899720e-12	1.482021365600e-08	1.218245876374e-12	1.197825524526e-07
191	9.999997022118e-01	2.977882308519e-07	3.077389920215e+00	1.997495999284e-12	5.035758819211e-08	2.318663710902e-12	2.474263265001e-07
192	9.999991426325e-01	8.573675187584e-07	2.847658277009e+00	6.042024673596e-12	1.113444519809e-07	7.143622034763e-12	7.460098811309e-07
193	9.999998431716e-01	1.568284413445e-07	2.941051651965e+00	1.173861430082e-12	1.763290435109e-08	1.403330382169e-12	1.391929598016e-07
194	9.999998686755e-01	1.313244520906e-07	2.946506580141e+00	9.943526382389e-13	1.440757210696e-08	1.190894459155e-12	1.169146947366e-07
195	9.999990254706e-01	9.745293541030e-07	2.835822694162e+00	6.851597798945e-12	1.273676293619e-07	8.096776680125e-12	8.471467763667e-07
196	9.999997118158e-01	2.881842255942e-07	2.917653861322e+00	2.093393696125e-12	3.466823633748e-08	2.489803821735e-12	2.535114060592e-07
197	9.999999364576e-01	6.354239601158e-08	2.964067442459e+00	5.139303737883e-13	6.110852927359e-09	6.212524927422e-13	5.743040790136e-08
198	9.999997991321e-01	2.008678744447e-07	2.932490360106e+00	1.482941304702e-12	2.327961264631e-08	1.768785574415e-12	1.775850100715e-07
199	9.999998937785e-01	1.062214678438e-07	3.048150789520e+00	7.187373578760e-13	1.985463877070e-08	8.302853842419e-13	8.636528005034e-08
200	9.999999953794e-01	4.620594906690e-09	3.011662453028e+00	6.267309198247e-14	1.796639465348e-09	7.466056927247e-14	2.823818107681e-09
201	9.999998938286e-01	1.061714406392e-07	3.048140323104e+00	7.184072015087e-13	1.984642451287e-08	8.299021649440e-13	8.632346781694e-08
202	9.999992361669e-01	7.638331452897e-07	3.118607501600e+00	5.141876891336e-12	1.218862778098e-07	5.990007581831e-12	6.419357355955e-07
203	9.999982086582e-01	1.791341788238e-06	3.172625442070e+00	1.212023300555e-11	2.763141990237e-07	1.415219003980e-11	1.515001316791e-06
204	9.999989683389e-01	1.031661100326e-06	3.135590115670e+00	6.956939156816e-12	1.623958342395e-07	8.111852909654e-12	8.692501972942e-07
205	9.999999951558e-01	4.844204259946e-09	2.992264641830e+00	8.431398949653e-14	9.110530961098e-11	1.072056114843e-13	4.752907430734e-09
206	9.999994213254e-01	5.786746468672e-07	3.104694377156e+00	3.889710619266e-12	9.368846347393e-08	4.527051144822e-12	4.849777666315e-07
207	9.999997128755e-01	2.871245455838e-07	2.917821273507e+00	2.085964390937e-12	3.452889986864e-08	2.481041859712e-12	2.525910787089e-07
208	9.999998135059e-01	1.864941294727e-07	3.062421814840e+00	1.252376169056e-12	3.281698987243e-08	1.450625935739e-12	1.536744365982e-07
209	9.999998816115e-01	1.183884967837e-07	2.949456299454e+00	9.030758007906e-13	1.278809261287e-08	1.082811502502e-12	1.055984182835e-07
210	9.999996290490e-01	3.709510335570e-07	3.085562875196e+00	2.489182248152e-12	6.173856482618e-08	2.892095911029e-12	3.092070874527e-07
211	9.999997942205e-01	2.057794741273e-07	2.931589432372e+00	1.517334458584e-12	2.391431736394e-08	1.809434174010e-12	1.818618299947e-07
212	9.999995034603e-01	4.965397013557e-07	2.888495002995e+00	3.543065906015e-12	6.241073277005e-08	4.199726787424e-12	4.341212257929e-07
213	9.999999570319e-01	4.296812106119e-08	2.971062278188e+00	3.663640085266e-13	3.741977495530e-09	4.456822833727e-13	3.922533151937e-08
214	9.999999374215e-01	6.257854545666e-08	3.037726026080e+00	4.314347434484e-13	1.256799414228e-08	4.973228149423e-13	5.000962255682e-08
215	9.999983281383e-01	1.671861738273e-06	3.167543899843e+00	1.130708784102e-11	2.584619273140e-07	1.320062786947e-11	1.413375303243e-06
216	9.999999823106e-01	1.768941293445e-08	3.021188351988e+00	1.420535057053e-13	4.552367344687e-09	1.641911537475e-13	1.313673934511e-08
217	9.999998835958e-01	1.164042489066e-07	3.050228540148e+00	7.861394349923e-13	2.152300721656e-08	9.085365233583e-13	9.487954701406e-08
218	9.999993041595e-01	6.958405271984e-07	3.113753597296e+00	4.681768356249e-12	1.115543172620e-07	5.452343381009e-12	5.842760758247e-07
219	9.999980886783e-01	1.911321654280e-06	3.177521773325e+00	1.293695838514e-11	2.942214890372e-07	1.510802953126e-11	1.617072120255e-06
220	9.999999742462e-01	2.575381907732e-08	2.978300329405e+00	2.414773466460e-13	1.884226134743e-09	2.966054293325e-13	2.386905485980e-08
221	9.999984703712e-01	1.529628782526e-06	3.161194621806e+00	1.033952569357e-11	2.371853304636e-07	1.206849279305e-11	1.292421044044e-06
222	9.999999994404e-01	5.596101360084e-10	3.004170075250e+00	4.272376728345e-14	5.340303260654e-10	5.404604718269e-14	2.548304012849e-11
223	9.999999543324e-01	4.566763123215e-08	2.970065228252e+00	3.858026330372e-13	4.045680792656e-09	4.688385023485e-13	4.162109579836e-08
224	9.999999810930e-01	1.890703449359e-08	3.021835148163e+00	1.497265857224e-13	4.787706905287e-09	1.729461748882e-13	1.411900491554e-08
225	9.999998806491e-01	1.193509353570e-07	2.949231960615e+00	9.098626058459e-13	1.290818428935e-08	1.090850465252e-12	1.064407503546e-07
226	9.999998207515e-01	1.792484880525e-07	2.936576518954e+00	1.331335070518e-12	2.049715800581e-08	1.589568782346e-12	1.587484091428e-07
227	9.999999968457e-01	3.154307703923e-09	3.009862137332e+00	5.452806483560e-14	1.421829114409e-09	6.577833441525e-14	1.732358283114e-09
228	9.999996792462e-01	3.207537546679e-07	2.912628590398e+00	2.320535208207e-12	3.896231238390e-08	2.757898984123e-12	2.817863638498e-07
229	9.999992628897e-01	7.371103162290e-07	3.116731124744e+00	4.961043380212e-12	1.178287210903e-07	5.778679027392e-12	6.192708554164e-07
230	9.999997337217e-01	2.662782747631e-07	3.073523554905e+00	1.786121024006e-12	4.542453212697e-08	2.072277214429e-12	2.208498842379e-07
231	9.999996384789e-01	3.615211434660e-07	3.084563692376e+00	2.425738482687e-12	6.027686188169e-08	2.818084922572e-12	3.012390377609e-07
232	9.999985750685e-01	1.424931508343e-06	3.156286502933e+00	9.627661571388e-12	2.215018973054e-07	1.123562983025e-11	1.203408747746e-06
233	9.999994539592e-01	5.460407561664e-07	3.101985289386e+00	3.669361056456e-12	8.869565283601e-08	4.269703089025e-12	4.573371642662e-07
234	9.999999958703e-01	4.129702912969e-09	3.011101086965e+00	5.989995669019e-14	1.674846988674e-09	7.161789100597e-14	2.454724406448e-09
235	9.999998133725e-01	1.866274649265e-07	2.935158650638e+00	1.383089063537e-12	2.144477951550e-08	1.650761019698e-12	1.651796515609e-07
236	9.999991102966e-01	8.897033511035e-07	3.126964736019e+00	5.994431326322e-12	1.409576600606e-07	6.986516585323e-12	7.487327100950e-07
237	9.999999914210e-01	8.579049581847e-09	3.015325112473e+00	8.590974938818e-14	2.701015056919e-09	1.005449475584e-13	5.877848070231e-09
238	9.999999771349e-01	2.286514477756e-08	3.023798421270e+00	1.747118986379e-13	5.539758093989e-09	2.015108820945e-13	1.732501046079e-08
239	9.999999970748e-01	2.925184316993e-09	3.009540303190e+00	5.329217399937e-14	1.359716633620e-09	6.444947647503e-14	1.565349941723e-09
240	9.999994101562e-01	5.898438322216e-07	2.877095673647e+00	4.190281207449e-12	7.498598971939e-08	4.962506323598e-12	5.148486897147e-07
241	9.999999655294e-01	3.447055152428e-08	3.028692486074e+00	2.488318893676e-13	7.667403930989e-09	2.865935068097e-13	2.680261216789e-08
242	9.999982084112e-01	1.791588841837e-06	3.172635729398e+00	1.212191816992e-11	2.763510906824e-07	1.415416133062e-11	1.515211475076e-06
243	9.999994356701e-01	5.643298535141e-07	3.103514685950e+00	3.792868042697e-12	9.149428324340e-08	4.413937040493e-12	4.728273634656e-07
244	9.999992161370e-01	7.838629858536e-07	2.855367915277e+00	5.533706740526e-12	1.013190079832e-07	6.545040820202e-12	6.825318991229e-07
245	9.999999383394e-01	6.166060528834e-08	3.037470204876e+00	4.254454662641e-13	1.241151270047e-08	4.903949206750e-13	4.924817674748e-08
246	9.999998570357e-01	1.429643267103e-07	2.943962899548e+00	1.076341198906e-12	1.587478184863e-08	1.287940489426e-12	1.270871805800e-07
247	9.999984645943e-01	1.535405743991e-06	3.161459391706e+00	1.037881052418e-11	2.380499021249e-07	1.211445555824e-11	1.297333348600e-06
248	9.999988467220e-01	1.153278031962e-06	3.142432553215e+00	7.782283003196e-12	1.807125988793e-07	9.077027392882e-12	9.725485737726e-07
249	9.999999517271e-01	4.827289268317e-08	3.033480958943e+00	3.381325030464e-13	1.010536501742e-08	3.895116397468e-13	3.816680002160e-08
250	9.999999083736e-01	9.162640879357e-08	3.044976110453e+00	6.223630987480e-13	1.744583482004e-08	7.184727346815e-13	7.417923313769e-08
251	9.999999371035e-01	6.289646403701e-08	3.037814159793e+00	4.335132246493e-13	1.262216472838e-08	4.997264050878e-13	5.027336606900e-08
252	9.999997839805e-01	2.160195338163e-07	2.929740777231e+00	1.589062909752e-12	2.524008903265e-08	1.894193308881e-12	1.907759615275e-07
253	9.999998972731e-01	1.027268845544e-07	3.047413150088e+00	6.956881317048e-13	1.927999539804e-08	8.035302309747e-13	8.344538993796e-08
254	9.999998083664e-01	1.916335801155e-07	2.934210756797e+00	1.418215374804e-12	2.208885831084e-08	1.692280397911e-12	1.695416113089e-07
255	9.999997893397e-01	2.106602821073e-07	3.066022121891e+00	1.413857254565e-12	3.665734633069e-08	1.638609463471e-12	1.739998833098e-07
256	9.999999010498e-01	9.895022889950e-08	2.954180824055e+00	7.656457693728e-13	1.038090620061e-08	9.199695090272e-13	8.856763708361e-08
257	9.999995360529e-01	4.639470825296e-07	2.892670180918e+00	3.316747046039e-12	5.803577986199e-08	3.932923939504e-12	4.059040529966e-07
258	9.999998693707e-01	1.306292642944e-07	2.946661656646e+00	9.894538790563e-13	1.432025693139e-08	1.185095149505e-12	1.163068328140e-07
259	9.999994064546e-01	5.935453978312e-07	2.876658309957e+00	4.215926894351e-12	7.548626636797e-08	4.992726458095e-12	5.180499228099e-07
260	9.999999963220e-01	3.678047866273e-09	3.010550698668e+00	5.740390867719e-14	1.559640403889e-09	6.889369943247e-14	2.118281164777e-09
261	9.999994402528e-01	5.597472427787e-07	2.880691399362e+00	3.981578922266e-12	7.092218739507e-08	4.716572952186e-12	4.888163572318e-07
262	9.999990412869e-01	9.587131152289e-07	3.131252410164e+00	6.462196580376e-12	1.513876049054e-07	7.533376508234e-12	8.073115147504e-07
263	9.999998604403e-01	1.395597123421e-07	3.054614043485e+00	9.397712977559e-13	2.528633124902e-08	1.087028015753e-12	1.142713542938e-07
264	9.999999003086e-01	9.969136050003e-08	2.953993280036e+00	7.708843328197e-13	1.047201055429e-08	9.261802267291e-13	8.921765288119e-08
265	9.999997078800e-01	2.921199615535e-07	3.076711854277e+00	1.959461664721e-12	4.947147364969e-08	2.274322370086e-12	2.426442541198e-07
266	9.999997779966e-01	2.220034023281e-07	2.928678148413e+00	1.630937081207e-12	2.601637639962e-08	1.943669329700e-12	1.959834513221e-07
267	9.999996040926e-01	3.959074152959e-07	3.088139997113e+00	2.657122775583e-12	6.560189236168e-08	3.088039626380e-12	3.302997777719e-07
268	9.999999651995e-01	3.480045585036e-08	2.974277520852e+00	3.073256978002e-13	2.840940426587e-09	3.752860230622e-13	3.195883281205e-08
269	9.999996209282e-01	3.790717758578e-07	3.086411917442e+00	2.543788524321e-12	6.299671639412e-08	2.955804217103e-12	3.160695598710e-07
270	9.999975504399e-01	2.449560114748e-06	3.197406239714e+00	1.660445868461e-11	3.743803977425e-07	1.940104423592e-11	2.075143711502e-06
271	9.999999856884e-01	1.431161333887e-08	3.019259987227e+00	1.209879344108e-13	3.887965123785e-09	1.402102206623e-13	1.042338701693e-08
272	9.999990688893e-01	9.311107178611e-07	3.129560092285e+00	6.275091648759e-12	1.472177521761e-07	7.314622062404e-12	7.838793759713e-07
273	9.999997220722e-01	2.779278026610e-07	3.074981229529e+00	1.864267016888e-12	4.725102865774e-08	2.163354628244e-12	2.306727463816e-07
274	9.999988971458e-01	1.102854160329e-06	3.139650630218e+00	7.440035791430e-12	1.731228520437e-07	8.676771627612e-12	9.297151914775e-07
275	9.999999915224e-01	8.477608282043e-09	3.015244409713e+00	8.529683694428e-14	2.678997292472e-09	9.985650363019e-14	5.798425836230e-09
276	9.999996947126e-01	3.052873622789e-07	3.078276046934e+00	2.047826309506e-12	5.152819429986e-08	2.377342559810e-12	2.537547428101e-07
277	9.999996274453e-01	3.725547420563e-07	2.905054719884e+00	2.681331101149e-12	4.583001371869e-08	3.183587246472e-12	3.267188634193e-07
278	9.999999995679e-01	4.320758195675e-10	3.003295373679e+00	4.279917618409e-14	4.372696071520e-10	5.445664386166e-14	0.000000000000e+00
279	9.999999282504e-01	7.174955063416e-08	3.040179410539e+00	4.915246849435e-13	1.412272956351e-08	5.668611916972e-13	5.762576268477e-08
280	9.999993591286e-01	6.408714380290e-07	3.109623394348e+00	4.310056967265e-12	1.031834588462e-07	5.018056812458e-12	5.376786510691e-07
281	9.999997724382e-01	2.275617534409e-07	2.927702166670e+00	1.669864994879e-12	2.673848411959e-08	1.989655802991e-12	2.008196098005e-07
282	9.999991039964e-01	8.960035816630e-07	2.843698063972e+00	6.309086394444e-12	1.166228676325e-07	7.458071386919e-12	7.793669468727e-07
283	9.999989989134e-01	1.001086631702e-06	3.133795013038e+00	6.749597776346e-12	1.577839188089e-07	7.869399939953e-12	8.432880938957e-07
284	9.999990490362e-01	9.509637868277e-07	3.130780235791e+00	6.409669323341e-12	1.502176313031e-07	7.471962612547e-12	8.007322738926e-07
285	9.999999250993e-01	7.490070053073e-08	3.040983412927e+00	5.122625664232e-13	1.465369831867e-08	5.908736449654e-13	6.024589907585e-08
286	9.999999182846e-01	8.171537890789e-08	2.958741621804e+00	6.433952648161e-13	8.279807552037e-09	7.749800125048e-13	7.343415298057e-08
287	9.999993062981e-01	6.937018631747e-07	2.865185283351e+00	4.909757580131e-12	8.905584421456e-08	5.810148709672e-12	6.046352990539e-07
288	9.999996701114e-01	3.298886102066e-07	2.911258071287e+00	2.384206579399e-12	4.017023637687e-08	2.833034942647e-12	2.897131565882e-07
289	9.999998666911e-01	1.333089204580e-07	3.053471695566e+00	8.982765438923e-13	2.427388665018e-08	1.038800288185e-12	1.090330967310e-07
290	9.999999914618e-01	8.538157736382e-09	3.015292640448e+00	8.566248657470e-14	2.692145137507e-09	1.002671949522e-13	5.845826669194e-09
291	9.999999981818e-01	1.818203809734e-09	2.996556677929e+00	5.920573118357e-14	3.512000716730e-11	7.618439578503e-14	1.782948412439e-09
292	9.999999901737e-01	9.826347180386e-09	2.987714413056e+00	1.229999858355e-13	4.088753306171e-10	1.542419029010e-13	9.417194607880e-09
293	9.999996540943e-01	3.459056774346e-07	2.908892515729e+00	2.495790938048e-12	4.229161105410e-08	2.964698128257e-12	3.036086058915e-07
294	9.999996872722e-01	3.127277681259e-07	3.079143284723e+00	2.097813439963e-12	5.268886571285e-08	2.435622363195e-12	2.600343689772e-07
295	9.999986706515e-01	1.329348503609e-06	3.151610246981e+00	8.978136912780e-12	2.071675685786e-07	1.047577689971e-11	1.122161481117e-06
296	9.999997709826e-01	2.290174074826e-07	2.927448283021e+00	1.680031557782e-12	2.692772848445e-08	2.001668666194e-12	2.020859972979e-07
297	9.999997513953e-01	2.486047262495e-07	2.924097257215e+00	1.817000119135e-12	2.948041766177e-08	2.163453015411e-12	2.191203281346e-07
298	9.999996594771e-01	3.405228905518e-07	3.082284755938e+00	2.284541459378e-12	5.701632423936e-08	2.653387196796e-12	2.835016283837e-07
299	9.999988235848e-01	1.176415206805e-06	3.143684634048e+00	7.939396994715e-12	1.841936954967e-07	9.260780155655e-12	9.922043111311e-07
300	9.999997053672e-01	2.946328256925e-07	2.916640640018e+00	2.138373054309e-12	3.551685173110e-08	2.542901689623e-12	2.591112926867e-07
301	9.999999396436e-01	6.035644606328e-08	2.965071570657e+00	4.911776974783e-13	5.737053565098e-09	5.942083386327e-13	5.461830711215e-08
302	9.999998235237e-01	1.764762873613e-07	3.060854473054e+00	1.185560285771e-12	3.121873930673e-08	1.372873122144e-12	1.452549896211e-07
303	9.999999874927e-01	1.250730929936e-08	3.018130324561e+00	1.098549830534e-13	3.524091986961e-09	1.275751073962e-13	8.982979882308e-09
304	9.999999863819e-01	1.361808121825e-08	2.985021590565e+00	1.516880683540e-13	7.195004446593e-10	1.888667041973e-13	1.289824021882e-08
305	9.999999640227e-01	3.597731723648e-08	2.973793439992e+00	3.158385639125e-13	2.968833770646e-09	3.854448982715e-13	3.300778218237e-08
306	9.999994331976e-01	5.668023885796e-07	3.103719244070e+00	3.809564643087e-12	9.187263668010e-08	4.433438334152e-12	4.749215088966e-07
307	9.999999395381e-01	6.046185774267e-08	2.965037955885e+00	4.919335611452e-13	5.749389675202e-09	5.951066584335e-13	5.471138102724e-08
308	9.999997219311e-01	2.780689376536e-07	3.074998678725e+00	1.865205554081e-12	4.727313851475e-08	2.164450271924e-12	2.307917694830e-07
309	9.999999513816e-01	4.861838054371e-08	3.033590809790e+00	3.403752010321e-13	1.016550560973e-08	3.921005357490e-13	3.845214245824e-08
310	9.999989787496e-01	1.021250403688e-06	2.831237116129e+00	7.174299343843e-12	1.337702233629e-07	8.476650628676e-12	8.874645293748e-07
311	9.999995169158e-01	4.830842020853e-07	2.890205181747e+00	3.449632060950e-12	6.060332288861e-08	4.089586304182e-12	4.224733399783e-07
312	9.999998544984e-01	1.455015583574e-07	3.055674492871e+00	9.792874087502e-13	2.624590735878e-08	1.132960329756e-12	1.192535387508e-07
313	9.999998961423e-01	1.038577251977e-07	3.047653301426e+00	7.031397397748e-13	1.946614654675e-08	8.121822800028e-13	8.439006332895e-08
314	9.999993373005e-01	6.626995459058e-07	3.111287222954e+00	4.457604184538e-12	1.065093730319e-07	5.190434752150e-12	5.561805248349e-07
315	9.999997115229e-01	2.884771439504e-07	2.917607630607e+00	2.095441771742e-12	3.470675808724e-08	2.492221044729e-12	2.537657982004e-07
316	9.999996007908e-01	3.992091585081e-07	3.088474002702e+00	2.679338469742e-12	6.611237748825e-08	3.113962692337e-12	3.330909877187e-07
317	9.999998645270e-01	1.354729870506e-07	3.053870401918e+00	9.126415966113e-13	2.462476367807e-08	1.055495451957e-12	1.108462552355e-07
318	9.999999985409e-01	1.459071419241e-09	3.006987073526e+00	4.596099755435e-14	9.174682755345e-10	5.679828791509e-14	5.415003844209e-10
319	9.999999996022e-01	3.978285478823e-10	3.001431800211e+00	4.450403270210e-14	2.653128400444e-10	5.714433439466e-14	1.324140594708e-10
320	9.999993212241e-01	6.787759398996e-07	3.112492373355e+00	4.566382898851e-12	1.089578023720e-07	5.317522345586e-12	5.698082536224e-07
321	9.999999500744e-01	4.992563318318e-08	2.968547939391e+00	4.164154272175e-13	4.529765347249e-09	5.052848750844e-13	4.539494613563e-08
322	9.999992290374e-01	7.709625930996e-07	2.856746757233e+00	5.444468275958e-12	9.956194032984e-08	6.439944717369e-12	6.713887683568e-07
323	9.999988657823e-01	1.134217671783e-06	3.141389701302e+00	7.652949458754e-12	1.778452374714e-07	8.925768457957e-12	9.563558555939e-07
324	9.999998317570e-01	1.682430365024e-07	2.938740107624e+00	1.254102232526e-12	1.908820271051e-08	1.498237018547e-12	1.491520814527e-07
325	9.999996256820e-01	3.743180037041e-07	3.085916161998e+00	2.511813670574e-12	6.226019313447e-08	2.918499195223e-12	3.120523802568e-07
326	9.999999924430e-01	7.557046544093e-09	2.989587436172e+00	1.055722881186e-13	2.463240172196e-10	1.331190012433e-13	7.310483835584e-09
327	9.999998347306e-01	1.652694052723e-07	3.059042306256e+00	1.110888889098e-12	2.942524007261e-08	1.285996319634e-12	1.358417683145e-07
328	9.999999734206e-01	2.657936104544e-08	2.977907388525e+00	2.475071036523e-13	1.969219655808e-09	3.038199655850e-13	2.460959006256e-08
329	9.999991927274e-01	8.072726078723e-07	3.121577344245e+00	5.436022217121e-12	1.284757327646e-07	6.333783348293e-12	6.787851053021e-07
330	9.999998220996e-01	1.779004312752e-07	2.936838311460e+00	1.321897819681e-12	2.032428874500e-08	1.578407363296e-12	1.575732422250e-07
331	9.999999903036e-01	9.696373037826e-09	2.987815309567e+00	1.220071943284e-13	3.989809857589e-10	1.530406739753e-13	9.297117004199e-09
332	9.999985510462e-01	1.448953755312e-06	2.791869235643e+00	1.012428630350e-11	1.926414555958e-07	1.194820581696e-11	1.256290227224e-06
333	9.999986655880e-01	1.334412002230e-06	3.151862989081e+00	9.012563923189e-12	2.079276657942e-07	1.051605005070e-11	1.126464807821e-06
334	9.999978665084e-01	2.133491576628e-06	3.186107095351e+00	1.445016161813e-11	3.273406796069e-07	1.687916651529e-11	1.806119567693e-06
335	9.999999887045e-01	1.129545257328e-08	2.986617831548e+00	1.341758197297e-13	5.243449554099e-10	1.677466804442e-13	1.077080569537e-08
336	9.999997094918e-01	2.905081957216e-07	2.917287619304e+00	2.109618763341e-12	3.497394045357e-08	2.508957374485e-12	2.555296366919e-07
337	9.999998800733e-01	1.199266792540e-07	3.050924323606e+00	8.094790096159e-13	2.209779344237e-08	9.356409787184e-13	9.782714069162e-08
338	9.999995686087e-01	4.313912720377e-07	2.896958463502e+00	3.090529299716e-12	5.367652962550e-08	3.666195373423e-12	3.777079856876e-07
339	9.999982210207e-01	1.778979259126e-06	3.172109542537e+00	1.203600232732e-11	2.744676621864e-07	1.405362632157e-11	1.504485507311e-06
340	9.999999050497e-01	9.495034813956e-08	2.955204323015e+00	7.373087474943e-13	9.890059089388e-09	8.863744733683e-13	8.505866536695e-08
341	9.999999637241e-01	3.627585443144e-08	3.029370286966e+00	2.604719673259e-13	7.990817603445e-09	2.999887831924e-13	2.828447636725e-08
342	9.999999690107e-01	3.098931877776e-08	3.027330472758e+00	2.264954781607e-13	7.038573488107e-09	2.609115863671e-13	2.395025788259e-08
343	9.999990257034e-01	9.742966310400e-07	3.132195110548e+00	6.567886052332e-12	1.537403831755e-07	7.656943781754e-12	8.205420230346e-07
344	9.999999616173e-01	3.838274942325e-08	2.972827138553e+00	3.332674461473e-13	3.232508423027e-09	4.062321242715e-13	3.514950150065e-08
345	9.999986528928e-01	1.347107169258e-06	3.152494122929e+00	9.098826889111e-12	2.098328190931e-07	1.061696533418e-11	1.137254634373e-06
346	9.999991648457e-01	8.351543292484e-07	2.849962930066e+00	5.888438154676e-12	1.083123383392e-07	6.962773842654e-12	7.268291396972e-07
347	9.999999991433e-01	8.566682918598e-10	2.998927059858e+00	5.021221676759e-14	1.076149200460e-10	6.476273549128e-14	7.489383968616e-10
348	9.999975631801e-01	2.436819860341e-06	2.710772368494e+00	1.692091127311e-11	3.296911100581e-07	1.994184491041e-11	2.107091887527e-06
349	9.999979983206e-01	2.001679358710e-06	2.745416495299e+00	1.392930720547e-11	2.691905270428e-07	1.642394662777e-11	1.732458478413e-06
350	9.999999009154e-01	9.908460274488e-08	3.046629846605e+00	6.715616713333e-13	1.867938497636e-08	7.755400970300e-13	8.040377066675e-08
351	9.999997714968e-01	2.285031877047e-07	2.927537888094e+00	1.676442110700e-12	2.686086668052e-08	1.997427166632e-12	2.016386471549e-07
352	9.999997318495e-01	2.681504911450e-07	2.920864606073e+00	1.953556228312e-12	3.203775946815e-08	2.324708460363e-12	2.361084534122e-07
353	9.999906738490e-01	9.326150951727e-06	3.340137354603e+00	6.368588437383e-11	1.389484590267e-06	7.455889582483e-11	7.936528116680e-06
354	9.999999666634e-01	3.333662568217e-08	2.974890749615e+00	2.967192751793e-13	2.682663344156e-09	3.626247495635e-13	3.065330299399e-08
355	9.999995045942e-01	4.954058381301e-07	2.888638407234e+00	3.535186996120e-12	6.225834905705e-08	4.190440363462e-12	4.331397634457e-07
356	9.999984070507e-01	1.592949270268e-06	3.164064065653e+00	1.077018476373e-11	2.466614571872e-07	1.257238936854e-11	1.346264470507e-06
357	9.999996725471e-01	3.274528936892e-07	2.911621944375e+00	2.367225919807e-12	3.984806187470e-08	2.812998306702e-12	2.875996515903e-07
358	9.999998146505e-01	1.853495029680e-07	2.935402415017e+00	1.374154961649e-12	2.128046576564e-08	1.640193146810e-12	1.640660228543e-07
359	9.999995591519e-01	4.408480509532e-07	2.895699891167e+00	3.156249076715e-12	5.494163783032e-08	3.743689088211e-12	3.858995131848e-07
360	9.999999741664e-01	2.583357128216e-08	3.025155673946e+00	1.935392157093e-13	6.093231948705e-09	2.230817066152e-13	1.973992271254e-08
361	9.999994535313e-01	5.464687482526e-07	3.102021412602e+00	3.672249590926e-12	8.876118293149e-08	4.273076337894e-12	4.576996199952e-07
362	9.999999941699e-01	5.830069538248e-09	3.012918610119e+00	6.962516596968e-14	2.085134524911e-09	8.234569326374e-14	3.744783042478e-09
363	9.999991235649e-01	8.764350668544e-07	3.126118043773e+00	5.904503892667e-12	1.389502883735e-07	6.881388436439e-12	7.374719925886e-07
364	9.999999615639e-01	3.843609253096e-08	2.972806044345e+00	3.336526614669e-13	3.238389723013e-09	4.066914913936e-13	3.519696246379e-08
365	9.999989285696e-01	1.071430406618e-06	2.826387238860e+00	7.520724907134e-12	1.406541450600e-07	8.884426510468e-12	9.307598564070e-07
366	9.999972028689e-01	2.797131098964e-06	3.208814435623e+00	1.897521207864e-11	4.260212607060e-07	2.217671302701e-11	2.371068686333e-06
367	9.999998123979e-01	1.876021293867e-07	3.062592304888e+00	1.259763627973e-12	3.299357838748e-08	1.459224937208e-12	1.546058320107e-07
368	9.999999898927e-01	1.010726080608e-08	2.987498635539e+00	1.251482346287e-13	4.304347546693e-10	1.568395886778e-13	9.676544063588e-09
369	9.999999924895e-01	7.510474020478e-09	3.014447509199e+00	7.953179349363e-14	2.466648018472e-09	9.339195854136e-14	5.043653078254e-09
370	9.999996359928e-01	3.640072430144e-07	2.906272981035e+00	2.621820618277e-12	4.469390333288e-08	3.113386245008e-12	3.193076044747e-07
371	9.999994208288e-01	5.791711806813e-07	2.878362584710e+00	4.116273430381e-12	7.354413792181e-08	4.875300480675e-12	5.056180511856e-07
372	9.999999849683e-01	1.503166136008e-08	2.984116351299e+00	1.622585088085e-13	8.442738235221e-10	2.015931413287e-13	1.418702368490e-08
373	9.999993064191e-01	6.935809175879e-07	3.113587636596e+00	4.666474320068e-12	1.112104559646e-07	5.434474748162e-12	5.823603606742e-07
374	9.999998050739e-01	1.949261253520e-07	3.063705620606e+00	1.308728603775e-12	3.415965249175e-08	1.516216226857e-12	1.607636479154e-07
375	9.999998780873e-01	1.219127163665e-07	2.948638790478e+00	9.279655491703e-13	1.322810759702e-08	1.112287610462e-12	1.086825685163e-07
376	9.999999735233e-01	2.647667363131e-08	3.025438707983e+00	1.976574236933e-13	6.212290334152e-09	2.278035043866e-13	2.026395783624e-08
377	9.999992074320e-01	7.925679980092e-07	3.120582754734e+00	5.336458232375e-12	1.262463577876e-07	6.217416258974e-12	6.663100863471e-07
378	9.999998570310e-01	1.429689561183e-07	3.055225429518e+00	9.624417143757e-13	2.583707166389e-08	1.113378325314e-12	1.171298086344e-07
379	9.999992344389e-01	7.655610552160e-07	2.857326526049e+00	5.407120293389e-12	9.882650121138e-08	6.395956139061e-12	6.667227509282e-07
380	9.999992644580e-01	7.355420494903e-07	3.116619782914e+00	4.950415118193e-12	1.175903699209e-07	5.766260207402e-12	6.179409628941e-07
381	9.999999830919e-01	1.690806517018e-08	3.020760878740e+00	1.371433439097e-13	4.400243842819e-09	1.585942462837e-13	1.250752558978e-08
382	9.999996280909e-01	3.719090972965e-07	2.905146340838e+00	2.676846363572e-12	4.574417183810e-08	3.178295452489e-12	3.261590703165e-07
383	9.999998852858e-01	1.147141865943e-07	3.049890670735e+00	7.749653667701e-13	2.124681235169e-08	8.955606514280e-13	9.346570371655e-08
384	9.999997236280e-01	2.763720062804e-07	3.074788550393e+00	1.853839412423e-12	4.700724443110e-08	2.151200558226e-12	2.293607568093e-07
385	9.999999966703e-01	3.329677977781e-09	2.994126774234e+00	7.205756512017e-14	3.747998100101e-11	9.214839646924e-14	3.292033790819e-09
386	9.999999884908e-01	1.150924688886e-08	2.986464400157e+00	1.357888004133e-13	5.417387140085e-10	1.696943753667e-13	1.096720269168e-08
387	9.999992631275e-01	7.368724896928e-07	3.116714249105e+00	4.959431818011e-12	1.177925770508e-07	5.776795907606e-12	6.190691764143e-07
388	9.999998163605e-01	1.836394648569e-07	3.061979984904e+00	1.233359137496e-12	3.236197665174e-08	1.428492504899e-12	1.512748263535e-07
389	9.999999482336e-01	5.176635775594e-08	3.034573257184e+00	3.608483405941e-13	1.071200562710e-08	4.157395044480e-13	4.105357554100e-08
390	9.999999957529e-01	4.247092566523e-09	2.992954757999e+00	7.950202123515e-14	6.607016315866e-11	1.013110360807e-13	4.180841590307e-09
391	9.999984300539e-01	1.569946130764e-06	3.163029869927e+00	1.061371596032e-11	2.432190362679e-07	1.238930658847e-11	1.326704091473e-06
392	9.999999135805e-01	8.641947957244e-08	3.043778344102e+00	5.880289160122e-13	1.658059038541e-08	6.786646156891e-13	6.983762249350e-08
393	9.999999427459e-01	5.725405349821e-08	2.966073615516e+00	4.689796351982e-13	5.374992565281e-09	5.678158529701e-13	5.187802413744e-08
394	9.999997482737e-01	2.517263417712e-07	2.923573863990e+00	1.838845451368e-12	2.988825134867e-08	2.189249103188e-12	2.218340623279e-07
395	9.999999989970e-01	1.003004235223e-09	3.005841627245e+00	4.401225171180e-14	7.484323439930e-10	5.493880478847e-14	2.544729401732e-10
396	9.999996347345e-01	3.652654990693e-07	3.084962175384e+00	2.450939448087e-12	6.085753648265e-08	2.847483325395e-12	3.044026641639e-07
397	9.999999915310e-01	8.469021151036e-09	2.988804163805e+00	1.126274350259e-13	3.087673475962e-10	1.416775697533e-13	8.159999498435e-09
398	9.999994650939e-01	5.349061411586e-07	2.883715374216e+00	3.809279780122e-12	6.757316247345e-08	4.513511683368e-12	4.673246558937e-07
399	9.999999936632e-01	6.336843938470e-09	3.013402221575e+00	7.258686118692e-14	2.202362113658e-09	8.563870657965e-14	4.134323599245e-09
400	9.999999077379e-01	9.226212249747e-08	2.955903393990e+00	7.182679092699e-13	9.561355805787e-09	8.637951285914e-13	8.269918462864e-08
401	9.999999281103e-01	7.188965633897e-08	2.961543304310e+00	5.735124230393e-13	7.100225346876e-09	6.920260230244e-13	6.478816545365e-08
402	9.999999374133e-01	6.258672224924e-08	2.964366109316e+00	5.071262516580e-13	5.998477290664e-09	6.131632248770e-13	5.658712466910e-08
403	9.999975656581e-01	2.434341948465e-06	3.196883950317e+00	1.650072636436e-11	3.721180285684e-07	1.927960089233e-11	2.062188139569e-06
404	9.999997579385e-01	2.420614506615e-07	3.070375636284e+00	1.623940232392e-12	4.161796038640e-08	1.883298424345e-12	2.004399830365e-07
405	9.999999191655e-01	8.083453417740e-08	2.958986145960e+00	6.371424093434e-13	8.173483318981e-09	7.675591284478e-13	7.265964615688e-08
406	9.999999733181e-01	2.668186427357e-08	3.025528251412e+00	1.989687433877e-13	6.250214534445e-09	2.293077295316e-13	2.043122146265e-08
407	9.999999755448e-01	2.445523283878e-08	3.024536274833e+00	1.847579774196e-13	5.837162380754e-09	2.130174650828e-13	1.861767268259e-08
408	9.999983508235e-01	1.649176521346e-06	2.774614214886e+00	1.150341890248e-11	2.203228695368e-07	1.357064807551e-11	1.428828577742e-06
409	9.999983224448e-01	1.677555200641e-06	3.167791032385e+00	1.134573908078e-11	2.593127276393e-07	1.324587195770e-11	1.418217881391e-06
410	9.999997831705e-01	2.168294818139e-07	2.929596203102e+00	1.594739579679e-12	2.534508307651e-08	1.900900107837e-12	1.914809030977e-07
411	9.999998805898e-01	1.194101515445e-07	3.050822993019e+00	8.060512149782e-13	2.201354927512e-08	9.316600508278e-13	9.739486455810e-08
412	9.999994660980e-01	5.339019762962e-07	2.883838740054e+00	3.802319462414e-12	6.743788228185e-08	4.505307082320e-12	4.664557863878e-07
413	9.999997096741e-01	2.903258611298e-07	3.076495707774e+00	1.947418082828e-12	4.919088930026e-08	2.260281635300e-12	2.411307641298e-07
414	9.999999917341e-01	8.265926054740e-09	2.988974706679e+00	1.110609447880e-13	2.945160387282e-10	1.397785808626e-13	7.971159176486e-09
415	9.999998455865e-01	1.544134808906e-07	2.941550212894e+00	1.156917475054e-12	1.732594412694e-08	1.383280551133e-12	1.370849965657e-07
416	9.999999032367e-01	9.676334500330e-08	3.046122529764e+00	6.562328319891e-13	1.829615957251e-08	7.577576075682e-13	7.846577144035e-08
417	9.999998634475e-01	1.365525251762e-07	2.945352020698e+00	1.031198810096e-12	1.506554610641e-08	1.234511266691e-12	1.214847133597e-07
418	9.999998776355e-01	1.223644990889e-07	3.051399411011e+00	8.256604871677e-13	2.249528406018e-08	9.544351277803e-13	9.986743493307e-08
419	9.999998782115e-01	1.217884511018e-07	2.948667433242e+00	9.270859827535e-13	1.321258144401e-08	1.111246255404e-12	1.085738313255e-07
420	9.999998928307e-01	1.071693453980e-07	3.048348613267e+00	7.249993687388e-13	2.001024215715e-08	8.375533379846e-13	8.715754068815e-08
421	9.999999990534e-01	9.466336603481e-10	2.998637872825e+00	5.110800561942e-14	9.472273252524e-11	6.592071642607e-14	8.517938991008e-10
422	9.999994799317e-01	5.200683448336e-07	2.885547500357e+00	3.706349891048e-12	6.557512899522e-08	4.392195185726e-12	4.544851172934e-07
423	9.999994448166e-01	5.551833740514e-07	2.881243039811e+00	3.949943081824e-12	7.030649287717e-08	4.679287490631e-12	4.848682519436e-07
424	9.999996024083e-01	3.975916831322e-07	3.088310574805e+00	2.668454159968e-12	6.586229277704e-08	3.101261792914e-12	3.317236206393e-07
425	9.999997405572e-01	2.594427854774e-07	2.922291867367e+00	1.892734485739e-12	3.089729007796e-08	2.252890921913e-12	2.285413497740e-07
426	9.999989622760e-01	1.037723974640e-06	2.829636664642e+00	7.288022951656e-12	1.360293183105e-07	8.610518833023e-12	9.016787577873e-07
427	9.999999820918e-01	1.790815407077e-08	3.021306231557e+00	1.434388106369e-13	4.594811000595e-09	1.657700168201e-13	1.331303386134e-08
428	9.999992408608e-01	7.591391824047e-07	2.858017709760e+00	5.362673199883e-12	9.795224684790e-08	6.343611914691e-12	6.611752292717e-07
429	9.999999943541e-01	5.645944822774e-09	3.012737270128e+00	6.856251867390e-14	2.042032663456e-09	8.116643485415e-14	3.603762430365e-09
430	9.999996372501e-01	3.627499187697e-07	3.084694715952e+00	2.434012492711e-12	6.046747139009e-08	2.827736125389e-12	3.022771856310e-07
431	9.999982662651e-01	1.733734906750e-06	3.170202351458e+00	1.172816652042e-11	2.677090910977e-07	1.369336577185e-11	1.466000394120e-06
432	9.999997806448e-01	2.193551587037e-07	2.929146872253e+00	1.612423030386e-12	2.567262649064e-08	1.921792075803e-12	1.936789979980e-07
433	9.999961071002e-01	3.892899841373e-06	3.239720323720e+00	2.645843672952e-11	5.884031881712e-07	3.094014223453e-11	3.304439254623e-06
434	9.999972082809e-01	2.791719073136e-06	3.208643917150e+00	1.893825345339e-11	4.252174687982e-07	2.213343893706e-11	2.366460532646e-06
435	9.999999404105e-01	5.958949866880e-08	3.036885460993e+00	4.119058452396e-13	1.205786783848e-08	4.747388759170e-13	4.753074418560e-08
436	9.999999741322e-01	2.586779479508e-08	2.978245720343e+00	2.423127218738e-13	1.895934903600e-09	2.976048719917e-13	2.397131997388e-08
437	9.999996170979e-01	3.829021391066e-07	3.086808823897e+00	2.569580980675e-12	6.359004031325e-08	2.985896640395e-12	3.193065433158e-07
438	9.999993262306e-01	6.737693544201e-07	3.112118850033e+00	4.532511792080e-12	1.081956956932e-07	5.277949081726e-12	5.655638482660e-07
439	9.999999996158e-01	3.842433038415e-10	3.001669999156e+00	4.414992499241e-14	2.846400356636e-10	5.664185907678e-14	9.950247639375e-11
440	9.999996872417e-01	3.127583476648e-07	3.079146825128e+00	2.098016440266e-12	5.269363594572e-08	2.435859593943e-12	2.600601778430e-07
441	9.999999616054e-01	3.839455642307e-08	2.972822470454e+00	3.333526686883e-13	3.233809504833e-09	4.063337507905e-13	3.516000723182e-08
442	9.999999827841e-01	1.721585551895e-08	2.982797048058e+00	1.785302359643e-13	1.043948441594e-09	2.211548845931e-13	1.617150739223e-08
443	9.999999062459e-01	9.375408227541e-08	2.955514269044e+00	7.288243164642e-13	9.743682342410e-09	8.763149106512e-13	8.400879479377e-08
444	9.999988617082e-01	1.138291837122e-06	2.820035794565e+00	7.982180680364e-12	1.498373885205e-07	9.427552194578e-12	9.884370388683e-07
445	9.999998778684e-01	1.221316018318e-07	2.948588371948e+00	9.295006947492e-13	1.325545706134e-08	1.114108561237e-12	1.088741011612e-07
446	9.999999371022e-01	6.289784348912e-08	2.964268643895e+00	5.093461555622e-13	6.035033560553e-09	6.158012043092e-13	5.686168478121e-08
447	9.999999692038e-01	3.079621690993e-08	2.975986685254e+00	2.782449234037e-13	2.411068188220e-09	3.405639676563e-13	2.838452991282e-08
448	9.999998822790e-01	1.177209991710e-07	2.949612375908e+00	8.983682397178e-13	1.270485501027e-08	1.077235436792e-12	1.050141685570e-07
449	9.999999071643e-01	9.283571722474e-08	3.045249027210e+00	6.303570481887e-13	1.764640228052e-08	7.277428505965e-13	7.518795684432e-08
450	9.999999982895e-01	1.710463215510e-09	3.007513550924e+00	4.710818640427e-14	1.001298944869e-09	5.794986621991e-14	7.090592125881e-10
451	9.999984981291e-01	1.501870930731e-06	2.787251152700e+00	1.048887522903e-11	1.999511942789e-07	1.237714230281e-11	1.301896870435e-06
452	9.999996193874e-01	3.806125503658e-07	3.086571845223e+00	2.554160701042e-12	6.323541296685e-08	2.967905670376e-12	3.173716153326e-07
453	9.999993989653e-01	6.010346762508e-07	3.106500099983e+00	4.040789386960e-12	9.710477865430e-08	4.703511669727e-12	5.039211532955e-07
454	9.999984131672e-01	1.586832825251e-06	2.779925553599e+00	1.107412580621e-11	2.116969815339e-07	1.306564189080e-11	1.375111703949e-06
455	9.999999162859e-01	8.371410653574e-08	2.958191274846e+00	6.576211548317e-13	8.521601557414e-09	7.918581166215e-13	7.519105549905e-08
456	9.999994646929e-01	5.353070630099e-07	3.101073974036e+00	3.596919666662e-12	8.705116322878e-08	4.185102009757e-12	4.482481177594e-07
457	9.999982462799e-01	1.753720060282e-06	3.171048537273e+00	1.186404496148e-11	2.706938735475e-07	1.385239116835e-11	1.483000470299e-06
458	9.999995095248e-01	4.904752036738e-07	2.889263510845e+00	3.500912589138e-12	6.159589014534e-08	4.150045772675e-12	4.288716625701e-07
459	9.999999432783e-01	5.672170644289e-08	3.036057706881e+00	3.931586134243e-13	1.156611831555e-08	4.530661880487e-13	4.515474190254e-08
460	9.999999905394e-01	9.460596528399e-09	2.988000096381e+00	1.202080778693e-13	3.811738085137e-10	1.508629244212e-13	9.079151648883e-09
461	9.999999725148e-01	2.748521565898e-08	3.025875385777e+00	2.040922607169e-13	6.398349644681e-09	2.351864143991e-13	2.108642673563e-08
462	9.999994604553e-01	5.395446822654e-07	2.883146670190e+00	3.841463997346e-12	6.819810603528e-08	4.551443718678e-12	4.713381833224e-07
463	9.999988413706e-01	1.158629389542e-06	3.142723479063e+00	7.818583264772e-12	1.815176088375e-07	9.119484249829e-12	9.770948426365e-07
464	9.999993987121e-01	6.012879111283e-07	2.875746805493e+00	4.269602338726e-12	7.653296018261e-08	5.055971881408e-12	5.247456253715e-07
465	9.999998834374e-01	1.165625720390e-07	3.050260056325e+00	7.871870875567e-13	2.154886347902e-08	9.097530309760e-13	9.501201161982e-08
466	9.999999992473e-01	7.526960166260e-10	3.005021719840e+00	4.319084288053e-14	6.385664561445e-10	5.427724812222e-14	1.140320923905e-10
467	9.999999875515e-01	1.244846392634e-08	3.018092071131e+00	1.094943372120e-13	3.512111393510e-09	1.271664765919e-13	8.936115872016e-09
468	9.999984695385e-01	1.530461534172e-06	3.161232826025e+00	1.034518917710e-11	2.373099710357e-07	1.207511889028e-11	1.293129142828e-06
469	9.999999911832e-01	8.816787966381e-09	2.988516942204e+00	1.152972707236e-13	3.336462520097e-10	1.449134401167e-13	8.482881503661e-09
470	9.999999763626e-01	2.363735873701e-08	3.024160009052e+00	1.795902799865e-13	5.684527559015e-09	2.070972684068e-13	1.795244449044e-08
471	9.999994855632e-01	5.144367785093e-07	3.099271514106e+00	3.456086658183e-12	8.385228757020e-08	4.020650961465e-12	4.305770142014e-07
472	9.999997743836e-01	2.256163799119e-07	3.068137334517e+00	1.513876284309e-12	3.902379747361e-08	1.755088050384e-12	1.865893134740e-07
473	9.999999577744e-01	4.222558658284e-08	3.031486266546e+00	2.989035248389e-13	9.046432300080e-09	3.442604800971e-13	3.317851111876e-08
474	9.999997637523e-01	2.362476573259e-07	2.926197449095e+00	1.730630475110e-12	2.786879402796e-08	2.061437499794e-12	2.083750712299e-07
475	9.999999509772e-01	4.902283323727e-08	2.968864342812e+00	4.099114107125e-13	4.426672638526e-09	4.975470707627e-13	4.459525314026e-08
476	9.999977337371e-01	2.266262870809e-06	3.190973557928e+00	1.535491884119e-11	3.471118816450e-07	1.793825797053e-11	1.919117695987e-06
477	9.999997868486e-01	2.131514148518e-07	3.066380058070e+00	1.430483745131e-12	3.705184090920e-08	1.657971276142e-12	1.760964854876e-07
478	9.999999956197e-01	4.380296569906e-09	2.992796497979e+00	8.057818225395e-14	7.124125587617e-11	1.026308732746e-13	4.308872104974e-09
479	9.999993583329e-01	6.416670563780e-07	3.109684611406e+00	4.315437954714e-12	1.033047425132e-07	5.024343006621e-12	5.383529740839e-07
480	9.999988138290e-01	1.186170993761e-06	3.144208142340e+00	8.005673142493e-12	1.856610064317e-07	9.338294202343e-12	1.000492643362e-06
481	9.999999992746e-01	7.254162825987e-10	3.004917554161e+00	4.311287345603e-14	6.252322078973e-10	5.422414993130e-14	1.000867376781e-10
482	9.999998973101e-01	1.026898919232e-07	3.047405269389e+00	6.954444027217e-13	1.927390201770e-08	8.032472319117e-13	8.341449121385e-08
483	9.999997297627e-01	2.702373412822e-07	2.920525504785e+00	1.968139391720e-12	3.231135605154e-08	2.341927188380e-12	2.379216751641e-07
484	9.999995153360e-01	4.846640345724e-07	2.890003426790e+00	3.460613009928e-12	6.081546323782e-08	4.102530500839e-12	4.238410081910e-07
485	9.999998675003e-01	1.324996851126e-07	2.946245259074e+00	1.002625242002e-12	1.455528101158e-08	1.200688394106e-12	1.179422007874e-07
486	9.999996499489e-01	3.500511036592e-07	2.908287721428e+00	2.524674871193e-12	4.284132727794e-08	2.998775491563e-12	3.072042529308e-07
487	9.999999430795e-01	5.692046345374e-08	2.966182870878e+00	4.665952366627e-13	5.336222438913e-09	5.649802123802e-13	5.158320943937e-08
488	9.999998963497e-01	1.036503389784e-07	3.047609364719e+00	7.017682618101e-13	1.943202243309e-08	8.105910661548e-13	8.421680418600e-08
489	9.999996988804e-01	3.011196363367e-07	2.915630804715e+00	2.183637784363e-12	3.637122013287e-08	2.596329255986e-12	2.647436362368e-07
490	9.999999987567e-01	1.243252611971e-09	2.997817686359e+00	5.401225150615e-14	6.450290046058e-11	6.962760743005e-14	1.178626071651e-09
491	9.999989424685e-01	1.057531498039e-06	2.827723117733e+00	7.424786344471e-12	1.387466978067e-07	8.771500348486e-12	9.187686039454e-07
492	9.999998215729e-01	1.784271219663e-07	2.936735925166e+00	1.325590253328e-12	2.039182438758e-08	1.582773821279e-12	1.580323892146e-07
493	9.999995979821e-01	4.020179437125e-07	3.088756908040e+00	2.698253866691e-12	6.654666904283e-08	3.136034879366e-12	3.354654403810e-07
494	9.999999459458e-01	5.405417835558e-08	3.035267571569e+00	3.757732962785e-13	1.110700910078e-08	4.329777768666e-13	4.294636050372e-08
495	9.999999879539e-01	1.204605404315e-08	2.986085366870e+00	1.398355390804e-13	5.860181814072e-10	1.745798146976e-13	1.145972144639e-08
496	9.999996293032e-01	3.706968451089e-07	2.905318541388e+00	2.668401261549e-12	4.558300628721e-08	3.168336582727e-12	3.251080020839e-07
497	9.999988073221e-01	1.192677862916e-06	2.814954674201e+00	8.357419890139e-12	1.573156370816e-07	9.869170391458e-12	1.035343999244e-06
498	9.999986631204e-01	1.336879621228e-06	3.151985948278e+00	9.029343738955e-12	2.082980587427e-07	1.053567823765e-11	1.128561997463e-06
499	9.999999199971e-01	8.000291717991e-08	2.959218144395e+00	6.312442671530e-13	8.073222865048e-09	7.605586314157e-13	7.192830251196e-08
