1.000000000000000000e+00 1.000000000000000000e+00 1.000000000000000000e+00 2.999999999999999737e-05
-7.402220610388270394e-01 1.043099999999999916e+00 7.318000000000000060e-01 1.215000000000000080e+00 1.809557368467720639e+00 1.620000000000000107e+00 9.768936669509774573e-01
-7.402220610388270394e-01 1.043099999999999916e+00 7.318000000000000060e-01 1.215000000000000080e+00 1.809557368467720639e+00 1.620000000000000107e+00 9.768936669509774573e-01
-7.402220610388270394e-01 1.043099999999999916e+00 7.318000000000000060e-01 1.215000000000000080e+00 1.809557368467720639e+00 1.620000000000000107e+00 9.768936669509774573e-01
-7.402220610388270394e-01 1.043099999999999916e+00 7.318000000000000060e-01 1.215000000000000080e+00 1.809557368467720639e+00 1.620000000000000107e+00 9.768936669509774573e-01
-7.402220610388270394e-01 1.043099999999999916e+00 7.318000000000000060e-01 1.215000000000000080e+00 1.809557368467720639e+00 1.620000000000000107e+00 9.768936669509774573e-01
-7.402220610388270394e-01 1.043099999999999916e+00 7.318000000000000060e-01 1.215000000000000080e+00 1.809557368467720639e+00 1.620000000000000107e+00 9.768936669509774573e-01
-7.402220610388270394e-01 1.043099999999999916e+00 7.318000000000000060e-01 1.215000000000000080e+00 1.809557368467720639e+00 1.620000000000000107e+00 9.768936669509774573e-01
-7.402220610388270394e-01 1.043099999999999916e+00 7.318000000000000060e-01 1.215000000000000080e+00 1.809557368467720639e+00 1.620000000000000107e+00 9.768936669509774573e-01
-7.402220610388270394e-01 1.043099999999999916e+00 7.318000000000000060e-01 1.215000000000000080e+00 1.809557368467720639e+00 1.620000000000000107e+00 9.768936669509774573e-01
